time,passenger_register,queue_length,mean_wait_time,max_wait_time,mean_transit_time,max_transit_time,mean_travel_time,max_travel_time,wait_time_register,transit_time_register,travel_time_register
28813,[14],1,37.70000000000073,37.70000000000073,41.89999999999782,41.89999999999782,79.59999999999854,79.59999999999854,[37.7],[41.9],[79.6]
28814,[14],1,37.70000000000073,37.70000000000073,41.89999999999782,41.89999999999782,79.59999999999854,79.59999999999854,[37.7],[41.9],[79.6]
28815,[14],1,37.70000000000073,37.70000000000073,41.89999999999782,41.89999999999782,79.59999999999854,79.59999999999854,[37.7],[41.9],[79.6]
28816,[14],1,37.70000000000073,37.70000000000073,41.89999999999782,41.89999999999782,79.59999999999854,79.59999999999854,[37.7],[41.9],[79.6]
28817,[14],1,37.70000000000073,37.70000000000073,41.89999999999782,41.89999999999782,79.59999999999854,79.59999999999854,[37.7],[41.9],[79.6]
28818,[14],1,37.70000000000073,37.70000000000073,41.89999999999782,41.89999999999782,79.59999999999854,79.59999999999854,[37.7],[41.9],[79.6]
28819,[14],1,37.70000000000073,37.70000000000073,41.89999999999782,41.89999999999782,79.59999999999854,79.59999999999854,[37.7],[41.9],[79.6]
28820,[14],1,37.70000000000073,37.70000000000073,41.89999999999782,41.89999999999782,79.59999999999854,79.59999999999854,[37.7],[41.9],[79.6]
28821,[14],1,37.70000000000073,37.70000000000073,41.89999999999782,41.89999999999782,79.59999999999854,79.59999999999854,[37.7],[41.9],[79.6]
28822,[14],1,37.70000000000073,37.70000000000073,41.89999999999782,41.89999999999782,79.59999999999854,79.59999999999854,[37.7],[41.9],[79.6]
28823,[14],1,37.70000000000073,37.70000000000073,41.89999999999782,41.89999999999782,79.59999999999854,79.59999999999854,[37.7],[41.9],[79.6]
28824,[14],1,37.70000000000073,37.70000000000073,41.89999999999782,41.89999999999782,79.59999999999854,79.59999999999854,[37.7],[41.9],[79.6]
28825,[14],1,37.70000000000073,37.70000000000073,41.89999999999782,41.89999999999782,79.59999999999854,79.59999999999854,[37.7],[41.9],[79.6]
28826,[14],1,37.70000000000073,37.70000000000073,41.89999999999782,41.89999999999782,79.59999999999854,79.59999999999854,[37.7],[41.9],[79.6]
28827,[14],1,37.70000000000073,37.70000000000073,41.89999999999782,41.89999999999782,79.59999999999854,79.59999999999854,[37.7],[41.9],[79.6]
28828,[14],1,37.70000000000073,37.70000000000073,41.89999999999782,41.89999999999782,79.59999999999854,79.59999999999854,[37.7],[41.9],[79.6]
28829,[14],1,37.70000000000073,37.70000000000073,41.89999999999782,41.89999999999782,79.59999999999854,79.59999999999854,[37.7],[41.9],[79.6]
28830,[14],1,37.70000000000073,37.70000000000073,41.89999999999782,41.89999999999782,79.59999999999854,79.59999999999854,[37.7],[41.9],[79.6]
28831,[14],1,37.70000000000073,37.70000000000073,41.89999999999782,41.89999999999782,79.59999999999854,79.59999999999854,[37.7],[41.9],[79.6]
28832,[14],1,37.70000000000073,37.70000000000073,41.89999999999782,41.89999999999782,79.59999999999854,79.59999999999854,[37.7],[41.9],[79.6]
28833,[14 39],2,27.700000000000728,37.70000000000073,41.89999999999782,41.89999999999782,69.59999999999854,79.59999999999854,[37.7 17.7],[41.9 41.9],[79.6 59.6]
28834,[14 39],2,27.700000000000728,37.70000000000073,41.89999999999782,41.89999999999782,69.59999999999854,79.59999999999854,[37.7 17.7],[41.9 41.9],[79.6 59.6]
28835,[14 39],2,27.700000000000728,37.70000000000073,41.89999999999782,41.89999999999782,69.59999999999854,79.59999999999854,[37.7 17.7],[41.9 41.9],[79.6 59.6]
28836,[14 39],2,27.700000000000728,37.70000000000073,41.89999999999782,41.89999999999782,69.59999999999854,79.59999999999854,[37.7 17.7],[41.9 41.9],[79.6 59.6]
28837,[14 39],2,27.700000000000728,37.70000000000073,41.89999999999782,41.89999999999782,69.59999999999854,79.59999999999854,[37.7 17.7],[41.9 41.9],[79.6 59.6]
28838,[14 39],2,27.700000000000728,37.70000000000073,41.89999999999782,41.89999999999782,69.59999999999854,79.59999999999854,[37.7 17.7],[41.9 41.9],[79.6 59.6]
28839,[14 39],2,27.700000000000728,37.70000000000073,41.89999999999782,41.89999999999782,69.59999999999854,79.59999999999854,[37.7 17.7],[41.9 41.9],[79.6 59.6]
28840,[14 39],2,27.700000000000728,37.70000000000073,41.89999999999782,41.89999999999782,69.59999999999854,79.59999999999854,[37.7 17.7],[41.9 41.9],[79.6 59.6]
28841,[14 39],2,27.700000000000728,37.70000000000073,41.89999999999782,41.89999999999782,69.59999999999854,79.59999999999854,[37.7 17.7],[41.9 41.9],[79.6 59.6]
28842,[14 39 46],3,21.366666666667395,37.70000000000073,41.89999999999782,41.89999999999782,63.26666666666521,79.59999999999854,[37.7 17.7  8.7],[41.9 41.9 41.9],[79.6 59.6 50.6]
28843,[14 39 46],3,21.366666666667395,37.70000000000073,41.89999999999782,41.89999999999782,63.26666666666521,79.59999999999854,[37.7 17.7  8.7],[41.9 41.9 41.9],[79.6 59.6 50.6]
28844,[14 39 46],3,21.366666666667395,37.70000000000073,41.89999999999782,41.89999999999782,63.26666666666521,79.59999999999854,[37.7 17.7  8.7],[41.9 41.9 41.9],[79.6 59.6 50.6]
28845,[14 39 46],3,21.366666666667395,37.70000000000073,41.89999999999782,41.89999999999782,63.26666666666521,79.59999999999854,[37.7 17.7  8.7],[41.9 41.9 41.9],[79.6 59.6 50.6]
28846,[14 39 46],3,21.366666666667395,37.70000000000073,41.89999999999782,41.89999999999782,63.26666666666521,79.59999999999854,[37.7 17.7  8.7],[41.9 41.9 41.9],[79.6 59.6 50.6]
28847,[14 39 46],3,21.366666666667395,37.70000000000073,41.89999999999782,41.89999999999782,63.26666666666521,79.59999999999854,[37.7 17.7  8.7],[41.9 41.9 41.9],[79.6 59.6 50.6]
28848,[14 39 46],3,21.366666666667395,37.70000000000073,41.89999999999782,41.89999999999782,63.26666666666521,79.59999999999854,[37.7 17.7  8.7],[41.9 41.9 41.9],[79.6 59.6 50.6]
28849,[14 39 46],3,21.366666666667395,37.70000000000073,41.89999999999782,41.89999999999782,63.26666666666521,79.59999999999854,[37.7 17.7  8.7],[41.9 41.9 41.9],[79.6 59.6 50.6]
28850,[14 39 46],3,21.366666666667395,37.70000000000073,41.89999999999782,41.89999999999782,63.26666666666521,79.59999999999854,[37.7 17.7  8.7],[41.9 41.9 41.9],[79.6 59.6 50.6]
28851,[],0,0.0,0.0,0.0,0.0,0.0,0.0,[],[],[]
28852,[],0,0.0,0.0,0.0,0.0,0.0,0.0,[],[],[]
28853,[],0,0.0,0.0,0.0,0.0,0.0,0.0,[],[],[]
28854,[],0,0.0,0.0,0.0,0.0,0.0,0.0,[],[],[]
28855,[],0,0.0,0.0,0.0,0.0,0.0,0.0,[],[],[]
28856,[],0,0.0,0.0,0.0,0.0,0.0,0.0,[],[],[]
28857,[],0,0.0,0.0,0.0,0.0,0.0,0.0,[],[],[]
28858,[],0,0.0,0.0,0.0,0.0,0.0,0.0,[],[],[]
28859,[],0,0.0,0.0,0.0,0.0,0.0,0.0,[],[],[]
28860,[],0,0.0,0.0,0.0,0.0,0.0,0.0,[],[],[]
28861,[],0,0.0,0.0,0.0,0.0,0.0,0.0,[],[],[]
28862,[],0,0.0,0.0,0.0,0.0,0.0,0.0,[],[],[]
28863,[],0,0.0,0.0,0.0,0.0,0.0,0.0,[],[],[]
28864,[],0,0.0,0.0,0.0,0.0,0.0,0.0,[],[],[]
28865,[],0,0.0,0.0,0.0,0.0,0.0,0.0,[],[],[]
28866,[],0,0.0,0.0,0.0,0.0,0.0,0.0,[],[],[]
28867,[],0,0.0,0.0,0.0,0.0,0.0,0.0,[],[],[]
28868,[],0,0.0,0.0,0.0,0.0,0.0,0.0,[],[],[]
28869,[81],1,109.79999999999927,109.79999999999927,43.0,43.0,152.79999999999927,152.79999999999927,[109.8],[43.],[152.8]
28870,[81],1,109.79999999999927,109.79999999999927,43.0,43.0,152.79999999999927,152.79999999999927,[109.8],[43.],[152.8]
28871,[81],1,109.79999999999927,109.79999999999927,43.0,43.0,152.79999999999927,152.79999999999927,[109.8],[43.],[152.8]
28872,[81],1,109.79999999999927,109.79999999999927,43.0,43.0,152.79999999999927,152.79999999999927,[109.8],[43.],[152.8]
28873,[81],1,109.79999999999927,109.79999999999927,43.0,43.0,152.79999999999927,152.79999999999927,[109.8],[43.],[152.8]
28874,[81],1,109.79999999999927,109.79999999999927,43.0,43.0,152.79999999999927,152.79999999999927,[109.8],[43.],[152.8]
28875,[81 89],2,106.79999999999927,109.79999999999927,43.0,43.0,149.79999999999927,152.79999999999927,[109.8 103.8],[43. 43.],[152.8 146.8]
28876,[81 89],2,106.79999999999927,109.79999999999927,43.0,43.0,149.79999999999927,152.79999999999927,[109.8 103.8],[43. 43.],[152.8 146.8]
28877,[81 89],2,106.79999999999927,109.79999999999927,43.0,43.0,149.79999999999927,152.79999999999927,[109.8 103.8],[43. 43.],[152.8 146.8]
28878,[81 89],2,106.79999999999927,109.79999999999927,43.0,43.0,149.79999999999927,152.79999999999927,[109.8 103.8],[43. 43.],[152.8 146.8]
28879,[81 89 97],3,104.46666666666594,109.79999999999927,43.0,43.0,147.46666666666593,152.79999999999927,[109.8 103.8  99.8],[43. 43. 43.],[152.8 146.8 142.8]
28880,[81 89 97],3,104.46666666666594,109.79999999999927,43.0,43.0,147.46666666666593,152.79999999999927,[109.8 103.8  99.8],[43. 43. 43.],[152.8 146.8 142.8]
28881,[81 89 97],3,104.46666666666594,109.79999999999927,43.0,43.0,147.46666666666593,152.79999999999927,[109.8 103.8  99.8],[43. 43. 43.],[152.8 146.8 142.8]
28882,[81 89 97],3,104.46666666666594,109.79999999999927,43.0,43.0,147.46666666666593,152.79999999999927,[109.8 103.8  99.8],[43. 43. 43.],[152.8 146.8 142.8]
28883,[81 89 97],3,104.46666666666594,109.79999999999927,43.0,43.0,147.46666666666593,152.79999999999927,[109.8 103.8  99.8],[43. 43. 43.],[152.8 146.8 142.8]
28884,[81 89 97],3,104.46666666666594,109.79999999999927,43.0,43.0,147.46666666666593,152.79999999999927,[109.8 103.8  99.8],[43. 43. 43.],[152.8 146.8 142.8]
28885,[81 89 97],3,104.46666666666594,109.79999999999927,43.0,43.0,147.46666666666593,152.79999999999927,[109.8 103.8  99.8],[43. 43. 43.],[152.8 146.8 142.8]
28886,[81 89 97],3,104.46666666666594,109.79999999999927,43.0,43.0,147.46666666666593,152.79999999999927,[109.8 103.8  99.8],[43. 43. 43.],[152.8 146.8 142.8]
28887,[81 89 97],3,104.46666666666594,109.79999999999927,43.0,43.0,147.46666666666593,152.79999999999927,[109.8 103.8  99.8],[43. 43. 43.],[152.8 146.8 142.8]
28888,[81 89 97],3,104.46666666666594,109.79999999999927,43.0,43.0,147.46666666666593,152.79999999999927,[109.8 103.8  99.8],[43. 43. 43.],[152.8 146.8 142.8]
28889,[81 89 97],3,104.46666666666594,109.79999999999927,43.0,43.0,147.46666666666593,152.79999999999927,[109.8 103.8  99.8],[43. 43. 43.],[152.8 146.8 142.8]
28890,[81 89 97],3,104.46666666666594,109.79999999999927,43.0,43.0,147.46666666666593,152.79999999999927,[109.8 103.8  99.8],[43. 43. 43.],[152.8 146.8 142.8]
28891,[81 89 97],3,104.46666666666594,109.79999999999927,43.0,43.0,147.46666666666593,152.79999999999927,[109.8 103.8  99.8],[43. 43. 43.],[152.8 146.8 142.8]
28892,[81 89 97],3,104.46666666666594,109.79999999999927,43.0,43.0,147.46666666666593,152.79999999999927,[109.8 103.8  99.8],[43. 43. 43.],[152.8 146.8 142.8]
28893,[81 89 97],3,104.46666666666594,109.79999999999927,43.0,43.0,147.46666666666593,152.79999999999927,[109.8 103.8  99.8],[43. 43. 43.],[152.8 146.8 142.8]
28894,[81 89 97],3,104.46666666666594,109.79999999999927,43.0,43.0,147.46666666666593,152.79999999999927,[109.8 103.8  99.8],[43. 43. 43.],[152.8 146.8 142.8]
28895,[81 89 97],3,104.46666666666594,109.79999999999927,43.0,43.0,147.46666666666593,152.79999999999927,[109.8 103.8  99.8],[43. 43. 43.],[152.8 146.8 142.8]
28896,[81 89 97],3,104.46666666666594,109.79999999999927,43.0,43.0,147.46666666666593,152.79999999999927,[109.8 103.8  99.8],[43. 43. 43.],[152.8 146.8 142.8]
28897,[81 89 97],3,104.46666666666594,109.79999999999927,43.0,43.0,147.46666666666593,152.79999999999927,[109.8 103.8  99.8],[43. 43. 43.],[152.8 146.8 142.8]
28898,[81 89 97],3,104.46666666666594,109.79999999999927,43.0,43.0,147.46666666666593,152.79999999999927,[109.8 103.8  99.8],[43. 43. 43.],[152.8 146.8 142.8]
28899,[81 89 97],3,104.46666666666594,109.79999999999927,43.0,43.0,147.46666666666593,152.79999999999927,[109.8 103.8  99.8],[43. 43. 43.],[152.8 146.8 142.8]
28900,[81 89 97],3,104.46666666666594,109.79999999999927,43.0,43.0,147.46666666666593,152.79999999999927,[109.8 103.8  99.8],[43. 43. 43.],[152.8 146.8 142.8]
28901,[81 89 97],3,104.46666666666594,109.79999999999927,43.0,43.0,147.46666666666593,152.79999999999927,[109.8 103.8  99.8],[43. 43. 43.],[152.8 146.8 142.8]
28902,[81 89 97],3,104.46666666666594,109.79999999999927,43.0,43.0,147.46666666666593,152.79999999999927,[109.8 103.8  99.8],[43. 43. 43.],[152.8 146.8 142.8]
28903,[81 89 97],3,104.46666666666594,109.79999999999927,43.0,43.0,147.46666666666593,152.79999999999927,[109.8 103.8  99.8],[43. 43. 43.],[152.8 146.8 142.8]
28904,[81 89 97],3,104.46666666666594,109.79999999999927,43.0,43.0,147.46666666666593,152.79999999999927,[109.8 103.8  99.8],[43. 43. 43.],[152.8 146.8 142.8]
28905,[81 89 97],3,104.46666666666594,109.79999999999927,43.0,43.0,147.46666666666593,152.79999999999927,[109.8 103.8  99.8],[43. 43. 43.],[152.8 146.8 142.8]
28906,[81 89 97],3,104.46666666666594,109.79999999999927,43.0,43.0,147.46666666666593,152.79999999999927,[109.8 103.8  99.8],[43. 43. 43.],[152.8 146.8 142.8]
28907,[81 89 97],3,104.46666666666594,109.79999999999927,43.0,43.0,147.46666666666593,152.79999999999927,[109.8 103.8  99.8],[43. 43. 43.],[152.8 146.8 142.8]
28908,[81 89 97],3,104.46666666666594,109.79999999999927,43.0,43.0,147.46666666666593,152.79999999999927,[109.8 103.8  99.8],[43. 43. 43.],[152.8 146.8 142.8]
28909,[81 89 97],3,104.46666666666594,109.79999999999927,43.0,43.0,147.46666666666593,152.79999999999927,[109.8 103.8  99.8],[43. 43. 43.],[152.8 146.8 142.8]
28910,[81 89 97],3,104.46666666666594,109.79999999999927,43.0,43.0,147.46666666666593,152.79999999999927,[109.8 103.8  99.8],[43. 43. 43.],[152.8 146.8 142.8]
28911,[81 89 97],3,104.46666666666594,109.79999999999927,43.0,43.0,147.46666666666593,152.79999999999927,[109.8 103.8  99.8],[43. 43. 43.],[152.8 146.8 142.8]
28912,[ 81  89  97 129],4,105.29999999999927,109.79999999999927,38.0,43.0,143.29999999999927,152.79999999999927,[109.8 103.8  99.8 107.8],[43. 43. 43. 23.],[152.8 146.8 142.8 130.8]
28913,[ 81  89  97 129],4,105.29999999999927,109.79999999999927,38.0,43.0,143.29999999999927,152.79999999999927,[109.8 103.8  99.8 107.8],[43. 43. 43. 23.],[152.8 146.8 142.8 130.8]
28914,[ 81  89  97 129],4,105.29999999999927,109.79999999999927,38.0,43.0,143.29999999999927,152.79999999999927,[109.8 103.8  99.8 107.8],[43. 43. 43. 23.],[152.8 146.8 142.8 130.8]
28915,[ 81  89  97 129],4,105.29999999999927,109.79999999999927,38.0,43.0,143.29999999999927,152.79999999999927,[109.8 103.8  99.8 107.8],[43. 43. 43. 23.],[152.8 146.8 142.8 130.8]
28916,[ 81  89  97 129],4,105.29999999999927,109.79999999999927,38.0,43.0,143.29999999999927,152.79999999999927,[109.8 103.8  99.8 107.8],[43. 43. 43. 23.],[152.8 146.8 142.8 130.8]
28917,[ 81  89  97 129],4,105.29999999999927,109.79999999999927,38.0,43.0,143.29999999999927,152.79999999999927,[109.8 103.8  99.8 107.8],[43. 43. 43. 23.],[152.8 146.8 142.8 130.8]
28918,[ 81  89  97 129],4,105.29999999999927,109.79999999999927,38.0,43.0,143.29999999999927,152.79999999999927,[109.8 103.8  99.8 107.8],[43. 43. 43. 23.],[152.8 146.8 142.8 130.8]
28919,[ 81  89  97 129],4,105.29999999999927,109.79999999999927,38.0,43.0,143.29999999999927,152.79999999999927,[109.8 103.8  99.8 107.8],[43. 43. 43. 23.],[152.8 146.8 142.8 130.8]
28920,[ 81  89  97 129],4,105.29999999999927,109.79999999999927,38.0,43.0,143.29999999999927,152.79999999999927,[109.8 103.8  99.8 107.8],[43. 43. 43. 23.],[152.8 146.8 142.8 130.8]
28921,[ 81  89  97 129],4,105.29999999999927,109.79999999999927,38.0,43.0,143.29999999999927,152.79999999999927,[109.8 103.8  99.8 107.8],[43. 43. 43. 23.],[152.8 146.8 142.8 130.8]
28922,[ 81  89  97 129],4,105.29999999999927,109.79999999999927,38.0,43.0,143.29999999999927,152.79999999999927,[109.8 103.8  99.8 107.8],[43. 43. 43. 23.],[152.8 146.8 142.8 130.8]
28923,[ 81  89  97 129],4,105.29999999999927,109.79999999999927,38.0,43.0,143.29999999999927,152.79999999999927,[109.8 103.8  99.8 107.8],[43. 43. 43. 23.],[152.8 146.8 142.8 130.8]
28924,[ 81  89  97 129],4,105.29999999999927,109.79999999999927,38.0,43.0,143.29999999999927,152.79999999999927,[109.8 103.8  99.8 107.8],[43. 43. 43. 23.],[152.8 146.8 142.8 130.8]
28925,[ 81  89  97 129],4,105.29999999999927,109.79999999999927,38.0,43.0,143.29999999999927,152.79999999999927,[109.8 103.8  99.8 107.8],[43. 43. 43. 23.],[152.8 146.8 142.8 130.8]
28926,[ 81  89  97 129],4,105.29999999999927,109.79999999999927,38.0,43.0,143.29999999999927,152.79999999999927,[109.8 103.8  99.8 107.8],[43. 43. 43. 23.],[152.8 146.8 142.8 130.8]
28927,[ 81  89  97 129],4,105.29999999999927,109.79999999999927,38.0,43.0,143.29999999999927,152.79999999999927,[109.8 103.8  99.8 107.8],[43. 43. 43. 23.],[152.8 146.8 142.8 130.8]
28928,[ 81  89  97 129],4,105.29999999999927,109.79999999999927,38.0,43.0,143.29999999999927,152.79999999999927,[109.8 103.8  99.8 107.8],[43. 43. 43. 23.],[152.8 146.8 142.8 130.8]
28929,[ 81  89  97 129],4,105.29999999999927,109.79999999999927,38.0,43.0,143.29999999999927,152.79999999999927,[109.8 103.8  99.8 107.8],[43. 43. 43. 23.],[152.8 146.8 142.8 130.8]
28930,[ 81  89  97 129],4,105.29999999999927,109.79999999999927,38.0,43.0,143.29999999999927,152.79999999999927,[109.8 103.8  99.8 107.8],[43. 43. 43. 23.],[152.8 146.8 142.8 130.8]
28931,[ 81  89  97 129],4,105.29999999999927,109.79999999999927,38.0,43.0,143.29999999999927,152.79999999999927,[109.8 103.8  99.8 107.8],[43. 43. 43. 23.],[152.8 146.8 142.8 130.8]
28932,[ 81  89  97 129],4,105.29999999999927,109.79999999999927,38.0,43.0,143.29999999999927,152.79999999999927,[109.8 103.8  99.8 107.8],[43. 43. 43. 23.],[152.8 146.8 142.8 130.8]
28933,[ 81  89  97 129],4,105.29999999999927,109.79999999999927,38.0,43.0,143.29999999999927,152.79999999999927,[109.8 103.8  99.8 107.8],[43. 43. 43. 23.],[152.8 146.8 142.8 130.8]
28934,[ 81  89  97 129],4,105.29999999999927,109.79999999999927,38.0,43.0,143.29999999999927,152.79999999999927,[109.8 103.8  99.8 107.8],[43. 43. 43. 23.],[152.8 146.8 142.8 130.8]
28935,[ 81  89  97 129],4,105.29999999999927,109.79999999999927,38.0,43.0,143.29999999999927,152.79999999999927,[109.8 103.8  99.8 107.8],[43. 43. 43. 23.],[152.8 146.8 142.8 130.8]
28936,[ 81  89  97 129],4,105.29999999999927,109.79999999999927,38.0,43.0,143.29999999999927,152.79999999999927,[109.8 103.8  99.8 107.8],[43. 43. 43. 23.],[152.8 146.8 142.8 130.8]
28937,[ 81  89  97 129],4,105.29999999999927,109.79999999999927,38.0,43.0,143.29999999999927,152.79999999999927,[109.8 103.8  99.8 107.8],[43. 43. 43. 23.],[152.8 146.8 142.8 130.8]
28938,[ 81  89  97 129],4,105.29999999999927,109.79999999999927,38.0,43.0,143.29999999999927,152.79999999999927,[109.8 103.8  99.8 107.8],[43. 43. 43. 23.],[152.8 146.8 142.8 130.8]
28939,[ 81  89  97 129],4,105.29999999999927,109.79999999999927,38.0,43.0,143.29999999999927,152.79999999999927,[109.8 103.8  99.8 107.8],[43. 43. 43. 23.],[152.8 146.8 142.8 130.8]
28940,[ 81  89  97 129 149],5,91.99999999999928,109.79999999999927,39.0,43.0,130.99999999999926,152.79999999999927,[109.8 103.8  99.8 107.8  38.8],[43. 43. 43. 23. 43.],[152.8 146.8 142.8 130.8  81.8]
28941,[ 81  89  97 129 149],5,91.99999999999928,109.79999999999927,39.0,43.0,130.99999999999926,152.79999999999927,[109.8 103.8  99.8 107.8  38.8],[43. 43. 43. 23. 43.],[152.8 146.8 142.8 130.8  81.8]
28942,[ 81  89  97 129 149],5,91.99999999999928,109.79999999999927,39.0,43.0,130.99999999999926,152.79999999999927,[109.8 103.8  99.8 107.8  38.8],[43. 43. 43. 23. 43.],[152.8 146.8 142.8 130.8  81.8]
28943,[ 81  89  97 129 149],5,91.99999999999928,109.79999999999927,39.0,43.0,130.99999999999926,152.79999999999927,[109.8 103.8  99.8 107.8  38.8],[43. 43. 43. 23. 43.],[152.8 146.8 142.8 130.8  81.8]
28944,[ 81  89  97 129 149],5,91.99999999999928,109.79999999999927,39.0,43.0,130.99999999999926,152.79999999999927,[109.8 103.8  99.8 107.8  38.8],[43. 43. 43. 23. 43.],[152.8 146.8 142.8 130.8  81.8]
28945,[ 81  89  97 129 149],5,91.99999999999928,109.79999999999927,39.0,43.0,130.99999999999926,152.79999999999927,[109.8 103.8  99.8 107.8  38.8],[43. 43. 43. 23. 43.],[152.8 146.8 142.8 130.8  81.8]
28946,[ 81  89  97 129 149],5,91.99999999999928,109.79999999999927,39.0,43.0,130.99999999999926,152.79999999999927,[109.8 103.8  99.8 107.8  38.8],[43. 43. 43. 23. 43.],[152.8 146.8 142.8 130.8  81.8]
28947,[ 81  89  97 129 149],5,91.99999999999928,109.79999999999927,39.0,43.0,130.99999999999926,152.79999999999927,[109.8 103.8  99.8 107.8  38.8],[43. 43. 43. 23. 43.],[152.8 146.8 142.8 130.8  81.8]
28948,[ 81  89  97 129 149],5,91.99999999999928,109.79999999999927,39.0,43.0,130.99999999999926,152.79999999999927,[109.8 103.8  99.8 107.8  38.8],[43. 43. 43. 23. 43.],[152.8 146.8 142.8 130.8  81.8]
28949,[ 81  89  97 129 149],5,91.99999999999928,109.79999999999927,39.0,43.0,130.99999999999926,152.79999999999927,[109.8 103.8  99.8 107.8  38.8],[43. 43. 43. 23. 43.],[152.8 146.8 142.8 130.8  81.8]
28950,[ 81  89  97 129 149],5,91.99999999999928,109.79999999999927,39.0,43.0,130.99999999999926,152.79999999999927,[109.8 103.8  99.8 107.8  38.8],[43. 43. 43. 23. 43.],[152.8 146.8 142.8 130.8  81.8]
28951,[ 81  89  97 129 149 160],6,81.29999999999927,109.79999999999927,39.666666666666664,43.0,120.96666666666594,152.79999999999927,[109.8 103.8  99.8 107.8  38.8  27.8],[43. 43. 43. 23. 43. 43.],[152.8 146.8 142.8 130.8  81.8  70.8]
28952,[ 81  89  97 129 149 160],6,81.29999999999927,109.79999999999927,39.666666666666664,43.0,120.96666666666594,152.79999999999927,[109.8 103.8  99.8 107.8  38.8  27.8],[43. 43. 43. 23. 43. 43.],[152.8 146.8 142.8 130.8  81.8  70.8]
28953,[ 81  89  97 129 149 160],6,81.29999999999927,109.79999999999927,39.666666666666664,43.0,120.96666666666594,152.79999999999927,[109.8 103.8  99.8 107.8  38.8  27.8],[43. 43. 43. 23. 43. 43.],[152.8 146.8 142.8 130.8  81.8  70.8]
28954,[ 81  89  97 129 149 160],6,81.29999999999927,109.79999999999927,39.666666666666664,43.0,120.96666666666594,152.79999999999927,[109.8 103.8  99.8 107.8  38.8  27.8],[43. 43. 43. 23. 43. 43.],[152.8 146.8 142.8 130.8  81.8  70.8]
28955,[ 81  89  97 129 149 160],6,81.29999999999927,109.79999999999927,39.666666666666664,43.0,120.96666666666594,152.79999999999927,[109.8 103.8  99.8 107.8  38.8  27.8],[43. 43. 43. 23. 43. 43.],[152.8 146.8 142.8 130.8  81.8  70.8]
28956,[ 81  89  97 129 149 160],6,81.29999999999927,109.79999999999927,39.666666666666664,43.0,120.96666666666594,152.79999999999927,[109.8 103.8  99.8 107.8  38.8  27.8],[43. 43. 43. 23. 43. 43.],[152.8 146.8 142.8 130.8  81.8  70.8]
28957,[ 81  89  97 129 149 160],6,81.29999999999927,109.79999999999927,39.666666666666664,43.0,120.96666666666594,152.79999999999927,[109.8 103.8  99.8 107.8  38.8  27.8],[43. 43. 43. 23. 43. 43.],[152.8 146.8 142.8 130.8  81.8  70.8]
28958,[ 81  89  97 129 149 160],6,81.29999999999927,109.79999999999927,39.666666666666664,43.0,120.96666666666594,152.79999999999927,[109.8 103.8  99.8 107.8  38.8  27.8],[43. 43. 43. 23. 43. 43.],[152.8 146.8 142.8 130.8  81.8  70.8]
28959,[ 81  89  97 129 149 160],6,81.29999999999927,109.79999999999927,39.666666666666664,43.0,120.96666666666594,152.79999999999927,[109.8 103.8  99.8 107.8  38.8  27.8],[43. 43. 43. 23. 43. 43.],[152.8 146.8 142.8 130.8  81.8  70.8]
28960,[ 81  89  97 129 149 160],6,81.29999999999927,109.79999999999927,39.666666666666664,43.0,120.96666666666594,152.79999999999927,[109.8 103.8  99.8 107.8  38.8  27.8],[43. 43. 43. 23. 43. 43.],[152.8 146.8 142.8 130.8  81.8  70.8]
28961,[ 81  89  97 129 149 160],6,81.29999999999927,109.79999999999927,39.666666666666664,43.0,120.96666666666594,152.79999999999927,[109.8 103.8  99.8 107.8  38.8  27.8],[43. 43. 43. 23. 43. 43.],[152.8 146.8 142.8 130.8  81.8  70.8]
28962,[ 81  89  97 129 149 160],6,81.29999999999927,109.79999999999927,39.666666666666664,43.0,120.96666666666594,152.79999999999927,[109.8 103.8  99.8 107.8  38.8  27.8],[43. 43. 43. 23. 43. 43.],[152.8 146.8 142.8 130.8  81.8  70.8]
28963,[ 81  89  97 129 149 160],6,81.29999999999927,109.79999999999927,39.666666666666664,43.0,120.96666666666594,152.79999999999927,[109.8 103.8  99.8 107.8  38.8  27.8],[43. 43. 43. 23. 43. 43.],[152.8 146.8 142.8 130.8  81.8  70.8]
28964,[ 81  89  97 129 149 160],6,81.29999999999927,109.79999999999927,39.666666666666664,43.0,120.96666666666594,152.79999999999927,[109.8 103.8  99.8 107.8  38.8  27.8],[43. 43. 43. 23. 43. 43.],[152.8 146.8 142.8 130.8  81.8  70.8]
28965,[ 81  89  97 129 149 160],6,81.29999999999927,109.79999999999927,39.666666666666664,43.0,120.96666666666594,152.79999999999927,[109.8 103.8  99.8 107.8  38.8  27.8],[43. 43. 43. 23. 43. 43.],[152.8 146.8 142.8 130.8  81.8  70.8]
28966,[ 81  89  97 129 149 160],6,81.29999999999927,109.79999999999927,39.666666666666664,43.0,120.96666666666594,152.79999999999927,[109.8 103.8  99.8 107.8  38.8  27.8],[43. 43. 43. 23. 43. 43.],[152.8 146.8 142.8 130.8  81.8  70.8]
28967,[ 81  89  97 129 149 160],6,81.29999999999927,109.79999999999927,39.666666666666664,43.0,120.96666666666594,152.79999999999927,[109.8 103.8  99.8 107.8  38.8  27.8],[43. 43. 43. 23. 43. 43.],[152.8 146.8 142.8 130.8  81.8  70.8]
28968,[ 81  89  97 129 149 160],6,81.29999999999927,109.79999999999927,39.666666666666664,43.0,120.96666666666594,152.79999999999927,[109.8 103.8  99.8 107.8  38.8  27.8],[43. 43. 43. 23. 43. 43.],[152.8 146.8 142.8 130.8  81.8  70.8]
28969,[ 81  89  97 129 149 160],6,81.29999999999927,109.79999999999927,39.666666666666664,43.0,120.96666666666594,152.79999999999927,[109.8 103.8  99.8 107.8  38.8  27.8],[43. 43. 43. 23. 43. 43.],[152.8 146.8 142.8 130.8  81.8  70.8]
28970,[ 81  89  97 129 149 160],6,81.29999999999927,109.79999999999927,39.666666666666664,43.0,120.96666666666594,152.79999999999927,[109.8 103.8  99.8 107.8  38.8  27.8],[43. 43. 43. 23. 43. 43.],[152.8 146.8 142.8 130.8  81.8  70.8]
28971,[ 81  89  97 129 149 160],6,81.29999999999927,109.79999999999927,39.666666666666664,43.0,120.96666666666594,152.79999999999927,[109.8 103.8  99.8 107.8  38.8  27.8],[43. 43. 43. 23. 43. 43.],[152.8 146.8 142.8 130.8  81.8  70.8]
28972,[ 81  89  97 129 149 160],6,81.29999999999927,109.79999999999927,39.666666666666664,43.0,120.96666666666594,152.79999999999927,[109.8 103.8  99.8 107.8  38.8  27.8],[43. 43. 43. 23. 43. 43.],[152.8 146.8 142.8 130.8  81.8  70.8]
28973,[ 81  89  97 129 149 160],6,81.29999999999927,109.79999999999927,39.666666666666664,43.0,120.96666666666594,152.79999999999927,[109.8 103.8  99.8 107.8  38.8  27.8],[43. 43. 43. 23. 43. 43.],[152.8 146.8 142.8 130.8  81.8  70.8]
28974,[ 81  89  97 129 149 160],6,81.29999999999927,109.79999999999927,39.666666666666664,43.0,120.96666666666594,152.79999999999927,[109.8 103.8  99.8 107.8  38.8  27.8],[43. 43. 43. 23. 43. 43.],[152.8 146.8 142.8 130.8  81.8  70.8]
28975,[ 81  89  97 129 149 160],6,81.29999999999927,109.79999999999927,39.666666666666664,43.0,120.96666666666594,152.79999999999927,[109.8 103.8  99.8 107.8  38.8  27.8],[43. 43. 43. 23. 43. 43.],[152.8 146.8 142.8 130.8  81.8  70.8]
28976,[ 81  89  97 129 149 160],6,81.29999999999927,109.79999999999927,39.666666666666664,43.0,120.96666666666594,152.79999999999927,[109.8 103.8  99.8 107.8  38.8  27.8],[43. 43. 43. 23. 43. 43.],[152.8 146.8 142.8 130.8  81.8  70.8]
28977,[ 81  89  97 129 149 160],6,81.29999999999927,109.79999999999927,39.666666666666664,43.0,120.96666666666594,152.79999999999927,[109.8 103.8  99.8 107.8  38.8  27.8],[43. 43. 43. 23. 43. 43.],[152.8 146.8 142.8 130.8  81.8  70.8]
28978,[ 81  89  97 129 149 160],6,81.29999999999927,109.79999999999927,39.666666666666664,43.0,120.96666666666594,152.79999999999927,[109.8 103.8  99.8 107.8  38.8  27.8],[43. 43. 43. 23. 43. 43.],[152.8 146.8 142.8 130.8  81.8  70.8]
28979,[129],1,107.79999999999927,107.79999999999927,23.0,23.0,130.79999999999927,130.79999999999927,[107.8],[23.],[130.8]
28980,[129],1,107.79999999999927,107.79999999999927,23.0,23.0,130.79999999999927,130.79999999999927,[107.8],[23.],[130.8]
28981,[129],1,107.79999999999927,107.79999999999927,23.0,23.0,130.79999999999927,130.79999999999927,[107.8],[23.],[130.8]
28982,[129],1,107.79999999999927,107.79999999999927,23.0,23.0,130.79999999999927,130.79999999999927,[107.8],[23.],[130.8]
28983,[129],1,107.79999999999927,107.79999999999927,23.0,23.0,130.79999999999927,130.79999999999927,[107.8],[23.],[130.8]
28984,[129],1,107.79999999999927,107.79999999999927,23.0,23.0,130.79999999999927,130.79999999999927,[107.8],[23.],[130.8]
28985,[129],1,107.79999999999927,107.79999999999927,23.0,23.0,130.79999999999927,130.79999999999927,[107.8],[23.],[130.8]
28986,[129],1,107.79999999999927,107.79999999999927,23.0,23.0,130.79999999999927,130.79999999999927,[107.8],[23.],[130.8]
28987,[129],1,107.79999999999927,107.79999999999927,23.0,23.0,130.79999999999927,130.79999999999927,[107.8],[23.],[130.8]
28988,[129],1,107.79999999999927,107.79999999999927,23.0,23.0,130.79999999999927,130.79999999999927,[107.8],[23.],[130.8]
28989,[129],1,107.79999999999927,107.79999999999927,23.0,23.0,130.79999999999927,130.79999999999927,[107.8],[23.],[130.8]
28990,[129],1,107.79999999999927,107.79999999999927,23.0,23.0,130.79999999999927,130.79999999999927,[107.8],[23.],[130.8]
28991,[129],1,107.79999999999927,107.79999999999927,23.0,23.0,130.79999999999927,130.79999999999927,[107.8],[23.],[130.8]
28992,[129 201],2,67.79999999999927,107.79999999999927,57.05000000000109,91.10000000000218,124.85000000000036,130.79999999999927,[107.8  27.8],[23.  91.1],[130.8 118.9]
28993,[129 201],2,67.79999999999927,107.79999999999927,57.05000000000109,91.10000000000218,124.85000000000036,130.79999999999927,[107.8  27.8],[23.  91.1],[130.8 118.9]
28994,[129 201],2,67.79999999999927,107.79999999999927,57.05000000000109,91.10000000000218,124.85000000000036,130.79999999999927,[107.8  27.8],[23.  91.1],[130.8 118.9]
28995,[129 201],2,67.79999999999927,107.79999999999927,57.05000000000109,91.10000000000218,124.85000000000036,130.79999999999927,[107.8  27.8],[23.  91.1],[130.8 118.9]
28996,[129 201],2,67.79999999999927,107.79999999999927,57.05000000000109,91.10000000000218,124.85000000000036,130.79999999999927,[107.8  27.8],[23.  91.1],[130.8 118.9]
28997,[129 201],2,67.79999999999927,107.79999999999927,57.05000000000109,91.10000000000218,124.85000000000036,130.79999999999927,[107.8  27.8],[23.  91.1],[130.8 118.9]
28998,[129 201],2,67.79999999999927,107.79999999999927,57.05000000000109,91.10000000000218,124.85000000000036,130.79999999999927,[107.8  27.8],[23.  91.1],[130.8 118.9]
28999,[129 201],2,67.79999999999927,107.79999999999927,57.05000000000109,91.10000000000218,124.85000000000036,130.79999999999927,[107.8  27.8],[23.  91.1],[130.8 118.9]
29000,[129 201],2,67.79999999999927,107.79999999999927,57.05000000000109,91.10000000000218,124.85000000000036,130.79999999999927,[107.8  27.8],[23.  91.1],[130.8 118.9]
29001,[129 201],2,67.79999999999927,107.79999999999927,57.05000000000109,91.10000000000218,124.85000000000036,130.79999999999927,[107.8  27.8],[23.  91.1],[130.8 118.9]
29002,[129 201],2,67.79999999999927,107.79999999999927,57.05000000000109,91.10000000000218,124.85000000000036,130.79999999999927,[107.8  27.8],[23.  91.1],[130.8 118.9]
29003,[129 201],2,67.79999999999927,107.79999999999927,57.05000000000109,91.10000000000218,124.85000000000036,130.79999999999927,[107.8  27.8],[23.  91.1],[130.8 118.9]
29004,[129 201],2,67.79999999999927,107.79999999999927,57.05000000000109,91.10000000000218,124.85000000000036,130.79999999999927,[107.8  27.8],[23.  91.1],[130.8 118.9]
29005,[129 201],2,67.79999999999927,107.79999999999927,57.05000000000109,91.10000000000218,124.85000000000036,130.79999999999927,[107.8  27.8],[23.  91.1],[130.8 118.9]
29006,[129 201],2,67.79999999999927,107.79999999999927,57.05000000000109,91.10000000000218,124.85000000000036,130.79999999999927,[107.8  27.8],[23.  91.1],[130.8 118.9]
29007,[129 201],2,67.79999999999927,107.79999999999927,57.05000000000109,91.10000000000218,124.85000000000036,130.79999999999927,[107.8  27.8],[23.  91.1],[130.8 118.9]
29008,[129 201],2,67.79999999999927,107.79999999999927,57.05000000000109,91.10000000000218,124.85000000000036,130.79999999999927,[107.8  27.8],[23.  91.1],[130.8 118.9]
29009,[129 201],2,67.79999999999927,107.79999999999927,57.05000000000109,91.10000000000218,124.85000000000036,130.79999999999927,[107.8  27.8],[23.  91.1],[130.8 118.9]
29010,[129 201],2,67.79999999999927,107.79999999999927,57.05000000000109,91.10000000000218,124.85000000000036,130.79999999999927,[107.8  27.8],[23.  91.1],[130.8 118.9]
29011,[129 201],2,67.79999999999927,107.79999999999927,57.05000000000109,91.10000000000218,124.85000000000036,130.79999999999927,[107.8  27.8],[23.  91.1],[130.8 118.9]
29012,[129 201],2,67.79999999999927,107.79999999999927,57.05000000000109,91.10000000000218,124.85000000000036,130.79999999999927,[107.8  27.8],[23.  91.1],[130.8 118.9]
29013,[129 201],2,67.79999999999927,107.79999999999927,57.05000000000109,91.10000000000218,124.85000000000036,130.79999999999927,[107.8  27.8],[23.  91.1],[130.8 118.9]
29014,[129 201],2,67.79999999999927,107.79999999999927,57.05000000000109,91.10000000000218,124.85000000000036,130.79999999999927,[107.8  27.8],[23.  91.1],[130.8 118.9]
29015,[129 201],2,67.79999999999927,107.79999999999927,57.05000000000109,91.10000000000218,124.85000000000036,130.79999999999927,[107.8  27.8],[23.  91.1],[130.8 118.9]
29016,[129 201],2,67.79999999999927,107.79999999999927,57.05000000000109,91.10000000000218,124.85000000000036,130.79999999999927,[107.8  27.8],[23.  91.1],[130.8 118.9]
29017,[129 201],2,67.79999999999927,107.79999999999927,57.05000000000109,91.10000000000218,124.85000000000036,130.79999999999927,[107.8  27.8],[23.  91.1],[130.8 118.9]
29018,[129 201],2,67.79999999999927,107.79999999999927,57.05000000000109,91.10000000000218,124.85000000000036,130.79999999999927,[107.8  27.8],[23.  91.1],[130.8 118.9]
29019,[129 201],2,67.79999999999927,107.79999999999927,57.05000000000109,91.10000000000218,124.85000000000036,130.79999999999927,[107.8  27.8],[23.  91.1],[130.8 118.9]
29020,[],0,0.0,0.0,0.0,0.0,0.0,0.0,[],[],[]
29021,[],0,0.0,0.0,0.0,0.0,0.0,0.0,[],[],[]
29022,[231],1,0.0,0.0,39.29999999999927,39.29999999999927,39.29999999999927,39.29999999999927,[0.],[39.3],[39.3]
29023,[],0,0.0,0.0,0.0,0.0,0.0,0.0,[],[],[]
29024,[],0,0.0,0.0,0.0,0.0,0.0,0.0,[],[],[]
29025,[],0,0.0,0.0,0.0,0.0,0.0,0.0,[],[],[]
29026,[],0,0.0,0.0,0.0,0.0,0.0,0.0,[],[],[]
29027,[240],1,0.0,0.0,83.90000000000146,83.90000000000146,83.90000000000146,83.90000000000146,[0.],[83.9],[83.9]
29028,[],0,0.0,0.0,0.0,0.0,0.0,0.0,[],[],[]
29029,[],0,0.0,0.0,0.0,0.0,0.0,0.0,[],[],[]
29030,[],0,0.0,0.0,0.0,0.0,0.0,0.0,[],[],[]
29031,[],0,0.0,0.0,0.0,0.0,0.0,0.0,[],[],[]
29032,[],0,0.0,0.0,0.0,0.0,0.0,0.0,[],[],[]
29033,[],0,0.0,0.0,0.0,0.0,0.0,0.0,[],[],[]
29034,[],0,0.0,0.0,0.0,0.0,0.0,0.0,[],[],[]
29035,[],0,0.0,0.0,0.0,0.0,0.0,0.0,[],[],[]
29036,[],0,0.0,0.0,0.0,0.0,0.0,0.0,[],[],[]
29037,[],0,0.0,0.0,0.0,0.0,0.0,0.0,[],[],[]
29038,[],0,0.0,0.0,0.0,0.0,0.0,0.0,[],[],[]
29039,[],0,0.0,0.0,0.0,0.0,0.0,0.0,[],[],[]
29040,[],0,0.0,0.0,0.0,0.0,0.0,0.0,[],[],[]
29041,[],0,0.0,0.0,0.0,0.0,0.0,0.0,[],[],[]
29042,[],0,0.0,0.0,0.0,0.0,0.0,0.0,[],[],[]
29043,[],0,0.0,0.0,0.0,0.0,0.0,0.0,[],[],[]
29044,[],0,0.0,0.0,0.0,0.0,0.0,0.0,[],[],[]
29045,[],0,0.0,0.0,0.0,0.0,0.0,0.0,[],[],[]
29046,[],0,0.0,0.0,0.0,0.0,0.0,0.0,[],[],[]
29047,[],0,0.0,0.0,0.0,0.0,0.0,0.0,[],[],[]
29048,[],0,0.0,0.0,0.0,0.0,0.0,0.0,[],[],[]
29049,[],0,0.0,0.0,0.0,0.0,0.0,0.0,[],[],[]
29050,[],0,0.0,0.0,0.0,0.0,0.0,0.0,[],[],[]
29051,[],0,0.0,0.0,0.0,0.0,0.0,0.0,[],[],[]
29052,[],0,0.0,0.0,0.0,0.0,0.0,0.0,[],[],[]
29053,[],0,0.0,0.0,0.0,0.0,0.0,0.0,[],[],[]
29054,[],0,0.0,0.0,0.0,0.0,0.0,0.0,[],[],[]
29055,[],0,0.0,0.0,0.0,0.0,0.0,0.0,[],[],[]
29056,[],0,0.0,0.0,0.0,0.0,0.0,0.0,[],[],[]
29057,[],0,0.0,0.0,0.0,0.0,0.0,0.0,[],[],[]
29058,[],0,0.0,0.0,0.0,0.0,0.0,0.0,[],[],[]
29059,[],0,0.0,0.0,0.0,0.0,0.0,0.0,[],[],[]
29060,[],0,0.0,0.0,0.0,0.0,0.0,0.0,[],[],[]
29061,[],0,0.0,0.0,0.0,0.0,0.0,0.0,[],[],[]
29062,[],0,0.0,0.0,0.0,0.0,0.0,0.0,[],[],[]
29063,[],0,0.0,0.0,0.0,0.0,0.0,0.0,[],[],[]
29064,[],0,0.0,0.0,0.0,0.0,0.0,0.0,[],[],[]
29065,[],0,0.0,0.0,0.0,0.0,0.0,0.0,[],[],[]
29066,[],0,0.0,0.0,0.0,0.0,0.0,0.0,[],[],[]
29067,[],0,0.0,0.0,0.0,0.0,0.0,0.0,[],[],[]
29068,[],0,0.0,0.0,0.0,0.0,0.0,0.0,[],[],[]
29069,[272],1,69.40000000000146,69.40000000000146,90.19999999999709,90.19999999999709,159.59999999999854,159.59999999999854,[69.4],[90.2],[159.6]
29070,[272],1,69.40000000000146,69.40000000000146,90.19999999999709,90.19999999999709,159.59999999999854,159.59999999999854,[69.4],[90.2],[159.6]
29071,[272],1,69.40000000000146,69.40000000000146,90.19999999999709,90.19999999999709,159.59999999999854,159.59999999999854,[69.4],[90.2],[159.6]
29072,[272],1,69.40000000000146,69.40000000000146,90.19999999999709,90.19999999999709,159.59999999999854,159.59999999999854,[69.4],[90.2],[159.6]
29073,[272],1,69.40000000000146,69.40000000000146,90.19999999999709,90.19999999999709,159.59999999999854,159.59999999999854,[69.4],[90.2],[159.6]
29074,[272],1,69.40000000000146,69.40000000000146,90.19999999999709,90.19999999999709,159.59999999999854,159.59999999999854,[69.4],[90.2],[159.6]
29075,[272],1,69.40000000000146,69.40000000000146,90.19999999999709,90.19999999999709,159.59999999999854,159.59999999999854,[69.4],[90.2],[159.6]
29076,[272],1,69.40000000000146,69.40000000000146,90.19999999999709,90.19999999999709,159.59999999999854,159.59999999999854,[69.4],[90.2],[159.6]
29077,[272],1,69.40000000000146,69.40000000000146,90.19999999999709,90.19999999999709,159.59999999999854,159.59999999999854,[69.4],[90.2],[159.6]
29078,[272],1,69.40000000000146,69.40000000000146,90.19999999999709,90.19999999999709,159.59999999999854,159.59999999999854,[69.4],[90.2],[159.6]
29079,[272],1,69.40000000000146,69.40000000000146,90.19999999999709,90.19999999999709,159.59999999999854,159.59999999999854,[69.4],[90.2],[159.6]
29080,[272],1,69.40000000000146,69.40000000000146,90.19999999999709,90.19999999999709,159.59999999999854,159.59999999999854,[69.4],[90.2],[159.6]
29081,[272],1,69.40000000000146,69.40000000000146,90.19999999999709,90.19999999999709,159.59999999999854,159.59999999999854,[69.4],[90.2],[159.6]
29082,[272],1,69.40000000000146,69.40000000000146,90.19999999999709,90.19999999999709,159.59999999999854,159.59999999999854,[69.4],[90.2],[159.6]
29083,[272],1,69.40000000000146,69.40000000000146,90.19999999999709,90.19999999999709,159.59999999999854,159.59999999999854,[69.4],[90.2],[159.6]
29084,[272],1,69.40000000000146,69.40000000000146,90.19999999999709,90.19999999999709,159.59999999999854,159.59999999999854,[69.4],[90.2],[159.6]
29085,[272],1,69.40000000000146,69.40000000000146,90.19999999999709,90.19999999999709,159.59999999999854,159.59999999999854,[69.4],[90.2],[159.6]
29086,[272],1,69.40000000000146,69.40000000000146,90.19999999999709,90.19999999999709,159.59999999999854,159.59999999999854,[69.4],[90.2],[159.6]
29087,[272],1,69.40000000000146,69.40000000000146,90.19999999999709,90.19999999999709,159.59999999999854,159.59999999999854,[69.4],[90.2],[159.6]
29088,[272],1,69.40000000000146,69.40000000000146,90.19999999999709,90.19999999999709,159.59999999999854,159.59999999999854,[69.4],[90.2],[159.6]
29089,[272],1,69.40000000000146,69.40000000000146,90.19999999999709,90.19999999999709,159.59999999999854,159.59999999999854,[69.4],[90.2],[159.6]
29090,[272],1,69.40000000000146,69.40000000000146,90.19999999999709,90.19999999999709,159.59999999999854,159.59999999999854,[69.4],[90.2],[159.6]
29091,[272],1,69.40000000000146,69.40000000000146,90.19999999999709,90.19999999999709,159.59999999999854,159.59999999999854,[69.4],[90.2],[159.6]
29092,[272],1,69.40000000000146,69.40000000000146,90.19999999999709,90.19999999999709,159.59999999999854,159.59999999999854,[69.4],[90.2],[159.6]
29093,[272],1,69.40000000000146,69.40000000000146,90.19999999999709,90.19999999999709,159.59999999999854,159.59999999999854,[69.4],[90.2],[159.6]
29094,[272],1,69.40000000000146,69.40000000000146,90.19999999999709,90.19999999999709,159.59999999999854,159.59999999999854,[69.4],[90.2],[159.6]
29095,[272],1,69.40000000000146,69.40000000000146,90.19999999999709,90.19999999999709,159.59999999999854,159.59999999999854,[69.4],[90.2],[159.6]
29096,[272],1,69.40000000000146,69.40000000000146,90.19999999999709,90.19999999999709,159.59999999999854,159.59999999999854,[69.4],[90.2],[159.6]
29097,[272],1,69.40000000000146,69.40000000000146,90.19999999999709,90.19999999999709,159.59999999999854,159.59999999999854,[69.4],[90.2],[159.6]
29098,[272],1,69.40000000000146,69.40000000000146,90.19999999999709,90.19999999999709,159.59999999999854,159.59999999999854,[69.4],[90.2],[159.6]
29099,[272],1,69.40000000000146,69.40000000000146,90.19999999999709,90.19999999999709,159.59999999999854,159.59999999999854,[69.4],[90.2],[159.6]
29100,[272],1,69.40000000000146,69.40000000000146,90.19999999999709,90.19999999999709,159.59999999999854,159.59999999999854,[69.4],[90.2],[159.6]
29101,[272],1,69.40000000000146,69.40000000000146,90.19999999999709,90.19999999999709,159.59999999999854,159.59999999999854,[69.4],[90.2],[159.6]
29102,[272],1,69.40000000000146,69.40000000000146,90.19999999999709,90.19999999999709,159.59999999999854,159.59999999999854,[69.4],[90.2],[159.6]
29103,[272],1,69.40000000000146,69.40000000000146,90.19999999999709,90.19999999999709,159.59999999999854,159.59999999999854,[69.4],[90.2],[159.6]
29104,[272],1,69.40000000000146,69.40000000000146,90.19999999999709,90.19999999999709,159.59999999999854,159.59999999999854,[69.4],[90.2],[159.6]
29105,[272],1,69.40000000000146,69.40000000000146,90.19999999999709,90.19999999999709,159.59999999999854,159.59999999999854,[69.4],[90.2],[159.6]
29106,[272],1,69.40000000000146,69.40000000000146,90.19999999999709,90.19999999999709,159.59999999999854,159.59999999999854,[69.4],[90.2],[159.6]
29107,[272],1,69.40000000000146,69.40000000000146,90.19999999999709,90.19999999999709,159.59999999999854,159.59999999999854,[69.4],[90.2],[159.6]
29108,[272],1,69.40000000000146,69.40000000000146,90.19999999999709,90.19999999999709,159.59999999999854,159.59999999999854,[69.4],[90.2],[159.6]
29109,[272],1,69.40000000000146,69.40000000000146,90.19999999999709,90.19999999999709,159.59999999999854,159.59999999999854,[69.4],[90.2],[159.6]
29110,[272],1,69.40000000000146,69.40000000000146,90.19999999999709,90.19999999999709,159.59999999999854,159.59999999999854,[69.4],[90.2],[159.6]
29111,[272],1,69.40000000000146,69.40000000000146,90.19999999999709,90.19999999999709,159.59999999999854,159.59999999999854,[69.4],[90.2],[159.6]
29112,[272],1,69.40000000000146,69.40000000000146,90.19999999999709,90.19999999999709,159.59999999999854,159.59999999999854,[69.4],[90.2],[159.6]
29113,[272],1,69.40000000000146,69.40000000000146,90.19999999999709,90.19999999999709,159.59999999999854,159.59999999999854,[69.4],[90.2],[159.6]
29114,[272],1,69.40000000000146,69.40000000000146,90.19999999999709,90.19999999999709,159.59999999999854,159.59999999999854,[69.4],[90.2],[159.6]
29115,[272],1,69.40000000000146,69.40000000000146,90.19999999999709,90.19999999999709,159.59999999999854,159.59999999999854,[69.4],[90.2],[159.6]
29116,[272],1,69.40000000000146,69.40000000000146,90.19999999999709,90.19999999999709,159.59999999999854,159.59999999999854,[69.4],[90.2],[159.6]
29117,[272 317],2,65.25,69.40000000000146,67.14999999999964,90.19999999999709,132.39999999999964,159.59999999999854,[69.4 61.1],[90.2 44.1],[159.6 105.2]
29118,[272 317],2,65.25,69.40000000000146,67.14999999999964,90.19999999999709,132.39999999999964,159.59999999999854,[69.4 61.1],[90.2 44.1],[159.6 105.2]
29119,[272 317],2,65.25,69.40000000000146,67.14999999999964,90.19999999999709,132.39999999999964,159.59999999999854,[69.4 61.1],[90.2 44.1],[159.6 105.2]
29120,[272 317],2,65.25,69.40000000000146,67.14999999999964,90.19999999999709,132.39999999999964,159.59999999999854,[69.4 61.1],[90.2 44.1],[159.6 105.2]
29121,[272 317],2,65.25,69.40000000000146,67.14999999999964,90.19999999999709,132.39999999999964,159.59999999999854,[69.4 61.1],[90.2 44.1],[159.6 105.2]
29122,[272 317],2,65.25,69.40000000000146,67.14999999999964,90.19999999999709,132.39999999999964,159.59999999999854,[69.4 61.1],[90.2 44.1],[159.6 105.2]
29123,[272 317],2,65.25,69.40000000000146,67.14999999999964,90.19999999999709,132.39999999999964,159.59999999999854,[69.4 61.1],[90.2 44.1],[159.6 105.2]
29124,[272 317],2,65.25,69.40000000000146,67.14999999999964,90.19999999999709,132.39999999999964,159.59999999999854,[69.4 61.1],[90.2 44.1],[159.6 105.2]
29125,[272 317],2,65.25,69.40000000000146,67.14999999999964,90.19999999999709,132.39999999999964,159.59999999999854,[69.4 61.1],[90.2 44.1],[159.6 105.2]
29126,[272 317],2,65.25,69.40000000000146,67.14999999999964,90.19999999999709,132.39999999999964,159.59999999999854,[69.4 61.1],[90.2 44.1],[159.6 105.2]
29127,[272 317],2,65.25,69.40000000000146,67.14999999999964,90.19999999999709,132.39999999999964,159.59999999999854,[69.4 61.1],[90.2 44.1],[159.6 105.2]
29128,[272 317],2,65.25,69.40000000000146,67.14999999999964,90.19999999999709,132.39999999999964,159.59999999999854,[69.4 61.1],[90.2 44.1],[159.6 105.2]
29129,[272 317],2,65.25,69.40000000000146,67.14999999999964,90.19999999999709,132.39999999999964,159.59999999999854,[69.4 61.1],[90.2 44.1],[159.6 105.2]
29130,[272 317],2,65.25,69.40000000000146,67.14999999999964,90.19999999999709,132.39999999999964,159.59999999999854,[69.4 61.1],[90.2 44.1],[159.6 105.2]
29131,[272 317],2,65.25,69.40000000000146,67.14999999999964,90.19999999999709,132.39999999999964,159.59999999999854,[69.4 61.1],[90.2 44.1],[159.6 105.2]
29132,[272 317],2,65.25,69.40000000000146,67.14999999999964,90.19999999999709,132.39999999999964,159.59999999999854,[69.4 61.1],[90.2 44.1],[159.6 105.2]
29133,[272 317],2,65.25,69.40000000000146,67.14999999999964,90.19999999999709,132.39999999999964,159.59999999999854,[69.4 61.1],[90.2 44.1],[159.6 105.2]
29134,[272 317],2,65.25,69.40000000000146,67.14999999999964,90.19999999999709,132.39999999999964,159.59999999999854,[69.4 61.1],[90.2 44.1],[159.6 105.2]
29135,[272 317],2,65.25,69.40000000000146,67.14999999999964,90.19999999999709,132.39999999999964,159.59999999999854,[69.4 61.1],[90.2 44.1],[159.6 105.2]
29136,[272 317],2,65.25,69.40000000000146,67.14999999999964,90.19999999999709,132.39999999999964,159.59999999999854,[69.4 61.1],[90.2 44.1],[159.6 105.2]
29137,[272 317],2,65.25,69.40000000000146,67.14999999999964,90.19999999999709,132.39999999999964,159.59999999999854,[69.4 61.1],[90.2 44.1],[159.6 105.2]
29138,[272 317],2,65.25,69.40000000000146,67.14999999999964,90.19999999999709,132.39999999999964,159.59999999999854,[69.4 61.1],[90.2 44.1],[159.6 105.2]
29139,[317],1,61.099999999998545,61.099999999998545,44.10000000000218,44.10000000000218,105.20000000000073,105.20000000000073,[61.1],[44.1],[105.2]
29140,[317],1,61.099999999998545,61.099999999998545,44.10000000000218,44.10000000000218,105.20000000000073,105.20000000000073,[61.1],[44.1],[105.2]
29141,[317],1,61.099999999998545,61.099999999998545,44.10000000000218,44.10000000000218,105.20000000000073,105.20000000000073,[61.1],[44.1],[105.2]
29142,[317],1,61.099999999998545,61.099999999998545,44.10000000000218,44.10000000000218,105.20000000000073,105.20000000000073,[61.1],[44.1],[105.2]
29143,[317],1,61.099999999998545,61.099999999998545,44.10000000000218,44.10000000000218,105.20000000000073,105.20000000000073,[61.1],[44.1],[105.2]
29144,[317],1,61.099999999998545,61.099999999998545,44.10000000000218,44.10000000000218,105.20000000000073,105.20000000000073,[61.1],[44.1],[105.2]
29145,[317],1,61.099999999998545,61.099999999998545,44.10000000000218,44.10000000000218,105.20000000000073,105.20000000000073,[61.1],[44.1],[105.2]
29146,[317],1,61.099999999998545,61.099999999998545,44.10000000000218,44.10000000000218,105.20000000000073,105.20000000000073,[61.1],[44.1],[105.2]
29147,[317],1,61.099999999998545,61.099999999998545,44.10000000000218,44.10000000000218,105.20000000000073,105.20000000000073,[61.1],[44.1],[105.2]
29148,[317],1,61.099999999998545,61.099999999998545,44.10000000000218,44.10000000000218,105.20000000000073,105.20000000000073,[61.1],[44.1],[105.2]
29149,[317],1,61.099999999998545,61.099999999998545,44.10000000000218,44.10000000000218,105.20000000000073,105.20000000000073,[61.1],[44.1],[105.2]
29150,[317],1,61.099999999998545,61.099999999998545,44.10000000000218,44.10000000000218,105.20000000000073,105.20000000000073,[61.1],[44.1],[105.2]
29151,[317],1,61.099999999998545,61.099999999998545,44.10000000000218,44.10000000000218,105.20000000000073,105.20000000000073,[61.1],[44.1],[105.2]
29152,[317],1,61.099999999998545,61.099999999998545,44.10000000000218,44.10000000000218,105.20000000000073,105.20000000000073,[61.1],[44.1],[105.2]
29153,[317],1,61.099999999998545,61.099999999998545,44.10000000000218,44.10000000000218,105.20000000000073,105.20000000000073,[61.1],[44.1],[105.2]
29154,[317],1,61.099999999998545,61.099999999998545,44.10000000000218,44.10000000000218,105.20000000000073,105.20000000000073,[61.1],[44.1],[105.2]
29155,[317],1,61.099999999998545,61.099999999998545,44.10000000000218,44.10000000000218,105.20000000000073,105.20000000000073,[61.1],[44.1],[105.2]
29156,[317],1,61.099999999998545,61.099999999998545,44.10000000000218,44.10000000000218,105.20000000000073,105.20000000000073,[61.1],[44.1],[105.2]
29157,[317],1,61.099999999998545,61.099999999998545,44.10000000000218,44.10000000000218,105.20000000000073,105.20000000000073,[61.1],[44.1],[105.2]
29158,[317],1,61.099999999998545,61.099999999998545,44.10000000000218,44.10000000000218,105.20000000000073,105.20000000000073,[61.1],[44.1],[105.2]
29159,[317],1,61.099999999998545,61.099999999998545,44.10000000000218,44.10000000000218,105.20000000000073,105.20000000000073,[61.1],[44.1],[105.2]
29160,[317],1,61.099999999998545,61.099999999998545,44.10000000000218,44.10000000000218,105.20000000000073,105.20000000000073,[61.1],[44.1],[105.2]
29161,[317],1,61.099999999998545,61.099999999998545,44.10000000000218,44.10000000000218,105.20000000000073,105.20000000000073,[61.1],[44.1],[105.2]
29162,[317],1,61.099999999998545,61.099999999998545,44.10000000000218,44.10000000000218,105.20000000000073,105.20000000000073,[61.1],[44.1],[105.2]
29163,[317],1,61.099999999998545,61.099999999998545,44.10000000000218,44.10000000000218,105.20000000000073,105.20000000000073,[61.1],[44.1],[105.2]
29164,[317],1,61.099999999998545,61.099999999998545,44.10000000000218,44.10000000000218,105.20000000000073,105.20000000000073,[61.1],[44.1],[105.2]
29165,[317],1,61.099999999998545,61.099999999998545,44.10000000000218,44.10000000000218,105.20000000000073,105.20000000000073,[61.1],[44.1],[105.2]
29166,[317],1,61.099999999998545,61.099999999998545,44.10000000000218,44.10000000000218,105.20000000000073,105.20000000000073,[61.1],[44.1],[105.2]
29167,[317],1,61.099999999998545,61.099999999998545,44.10000000000218,44.10000000000218,105.20000000000073,105.20000000000073,[61.1],[44.1],[105.2]
29168,[317],1,61.099999999998545,61.099999999998545,44.10000000000218,44.10000000000218,105.20000000000073,105.20000000000073,[61.1],[44.1],[105.2]
29169,[317],1,61.099999999998545,61.099999999998545,44.10000000000218,44.10000000000218,105.20000000000073,105.20000000000073,[61.1],[44.1],[105.2]
29170,[317],1,61.099999999998545,61.099999999998545,44.10000000000218,44.10000000000218,105.20000000000073,105.20000000000073,[61.1],[44.1],[105.2]
29171,[317],1,61.099999999998545,61.099999999998545,44.10000000000218,44.10000000000218,105.20000000000073,105.20000000000073,[61.1],[44.1],[105.2]
29172,[317],1,61.099999999998545,61.099999999998545,44.10000000000218,44.10000000000218,105.20000000000073,105.20000000000073,[61.1],[44.1],[105.2]
29173,[317],1,61.099999999998545,61.099999999998545,44.10000000000218,44.10000000000218,105.20000000000073,105.20000000000073,[61.1],[44.1],[105.2]
29174,[317],1,61.099999999998545,61.099999999998545,44.10000000000218,44.10000000000218,105.20000000000073,105.20000000000073,[61.1],[44.1],[105.2]
29175,[317],1,61.099999999998545,61.099999999998545,44.10000000000218,44.10000000000218,105.20000000000073,105.20000000000073,[61.1],[44.1],[105.2]
29176,[317],1,61.099999999998545,61.099999999998545,44.10000000000218,44.10000000000218,105.20000000000073,105.20000000000073,[61.1],[44.1],[105.2]
29177,[317],1,61.099999999998545,61.099999999998545,44.10000000000218,44.10000000000218,105.20000000000073,105.20000000000073,[61.1],[44.1],[105.2]
29178,[317],1,61.099999999998545,61.099999999998545,44.10000000000218,44.10000000000218,105.20000000000073,105.20000000000073,[61.1],[44.1],[105.2]
29179,[],0,0.0,0.0,0.0,0.0,0.0,0.0,[],[],[]
29180,[],0,0.0,0.0,0.0,0.0,0.0,0.0,[],[],[]
29181,[],0,0.0,0.0,0.0,0.0,0.0,0.0,[],[],[]
29182,[],0,0.0,0.0,0.0,0.0,0.0,0.0,[],[],[]
29183,[],0,0.0,0.0,0.0,0.0,0.0,0.0,[],[],[]
29184,[],0,0.0,0.0,0.0,0.0,0.0,0.0,[],[],[]
29185,[],0,0.0,0.0,0.0,0.0,0.0,0.0,[],[],[]
29186,[],0,0.0,0.0,0.0,0.0,0.0,0.0,[],[],[]
29187,[],0,0.0,0.0,0.0,0.0,0.0,0.0,[],[],[]
29188,[],0,0.0,0.0,0.0,0.0,0.0,0.0,[],[],[]
29189,[],0,0.0,0.0,0.0,0.0,0.0,0.0,[],[],[]
29190,[],0,0.0,0.0,0.0,0.0,0.0,0.0,[],[],[]
29191,[],0,0.0,0.0,0.0,0.0,0.0,0.0,[],[],[]
29192,[],0,0.0,0.0,0.0,0.0,0.0,0.0,[],[],[]
29193,[],0,0.0,0.0,0.0,0.0,0.0,0.0,[],[],[]
29194,[],0,0.0,0.0,0.0,0.0,0.0,0.0,[],[],[]
29195,[],0,0.0,0.0,0.0,0.0,0.0,0.0,[],[],[]
29196,[],0,0.0,0.0,0.0,0.0,0.0,0.0,[],[],[]
29197,[],0,0.0,0.0,0.0,0.0,0.0,0.0,[],[],[]
29198,[],0,0.0,0.0,0.0,0.0,0.0,0.0,[],[],[]
29199,[],0,0.0,0.0,0.0,0.0,0.0,0.0,[],[],[]
29200,[],0,0.0,0.0,0.0,0.0,0.0,0.0,[],[],[]
29201,[],0,0.0,0.0,0.0,0.0,0.0,0.0,[],[],[]
29202,[],0,0.0,0.0,0.0,0.0,0.0,0.0,[],[],[]
29203,[],0,0.0,0.0,0.0,0.0,0.0,0.0,[],[],[]
29204,[],0,0.0,0.0,0.0,0.0,0.0,0.0,[],[],[]
29205,[],0,0.0,0.0,0.0,0.0,0.0,0.0,[],[],[]
29206,[],0,0.0,0.0,0.0,0.0,0.0,0.0,[],[],[]
29207,[],0,0.0,0.0,0.0,0.0,0.0,0.0,[],[],[]
29208,[],0,0.0,0.0,0.0,0.0,0.0,0.0,[],[],[]
29209,[],0,0.0,0.0,0.0,0.0,0.0,0.0,[],[],[]
29210,[],0,0.0,0.0,0.0,0.0,0.0,0.0,[],[],[]
29211,[],0,0.0,0.0,0.0,0.0,0.0,0.0,[],[],[]
29212,[],0,0.0,0.0,0.0,0.0,0.0,0.0,[],[],[]
29213,[],0,0.0,0.0,0.0,0.0,0.0,0.0,[],[],[]
29214,[],0,0.0,0.0,0.0,0.0,0.0,0.0,[],[],[]
29215,[],0,0.0,0.0,0.0,0.0,0.0,0.0,[],[],[]
29216,[],0,0.0,0.0,0.0,0.0,0.0,0.0,[],[],[]
29217,[],0,0.0,0.0,0.0,0.0,0.0,0.0,[],[],[]
29218,[],0,0.0,0.0,0.0,0.0,0.0,0.0,[],[],[]
29219,[],0,0.0,0.0,0.0,0.0,0.0,0.0,[],[],[]
29220,[],0,0.0,0.0,0.0,0.0,0.0,0.0,[],[],[]
29221,[],0,0.0,0.0,0.0,0.0,0.0,0.0,[],[],[]
29222,[],0,0.0,0.0,0.0,0.0,0.0,0.0,[],[],[]
29223,[],0,0.0,0.0,0.0,0.0,0.0,0.0,[],[],[]
29224,[],0,0.0,0.0,0.0,0.0,0.0,0.0,[],[],[]
29225,[],0,0.0,0.0,0.0,0.0,0.0,0.0,[],[],[]
29226,[],0,0.0,0.0,0.0,0.0,0.0,0.0,[],[],[]
29227,[],0,0.0,0.0,0.0,0.0,0.0,0.0,[],[],[]
29228,[],0,0.0,0.0,0.0,0.0,0.0,0.0,[],[],[]
29229,[],0,0.0,0.0,0.0,0.0,0.0,0.0,[],[],[]
29230,[],0,0.0,0.0,0.0,0.0,0.0,0.0,[],[],[]
29231,[],0,0.0,0.0,0.0,0.0,0.0,0.0,[],[],[]
29232,[],0,0.0,0.0,0.0,0.0,0.0,0.0,[],[],[]
29233,[],0,0.0,0.0,0.0,0.0,0.0,0.0,[],[],[]
29234,[415],1,33.400000000001455,33.400000000001455,82.69999999999709,82.69999999999709,116.09999999999854,116.09999999999854,[33.4],[82.7],[116.1]
29235,[415],1,33.400000000001455,33.400000000001455,82.69999999999709,82.69999999999709,116.09999999999854,116.09999999999854,[33.4],[82.7],[116.1]
29236,[415],1,33.400000000001455,33.400000000001455,82.69999999999709,82.69999999999709,116.09999999999854,116.09999999999854,[33.4],[82.7],[116.1]
29237,[415],1,33.400000000001455,33.400000000001455,82.69999999999709,82.69999999999709,116.09999999999854,116.09999999999854,[33.4],[82.7],[116.1]
29238,[415],1,33.400000000001455,33.400000000001455,82.69999999999709,82.69999999999709,116.09999999999854,116.09999999999854,[33.4],[82.7],[116.1]
29239,[415],1,33.400000000001455,33.400000000001455,82.69999999999709,82.69999999999709,116.09999999999854,116.09999999999854,[33.4],[82.7],[116.1]
29240,[415],1,33.400000000001455,33.400000000001455,82.69999999999709,82.69999999999709,116.09999999999854,116.09999999999854,[33.4],[82.7],[116.1]
29241,[415],1,33.400000000001455,33.400000000001455,82.69999999999709,82.69999999999709,116.09999999999854,116.09999999999854,[33.4],[82.7],[116.1]
29242,[415],1,33.400000000001455,33.400000000001455,82.69999999999709,82.69999999999709,116.09999999999854,116.09999999999854,[33.4],[82.7],[116.1]
29243,[415],1,33.400000000001455,33.400000000001455,82.69999999999709,82.69999999999709,116.09999999999854,116.09999999999854,[33.4],[82.7],[116.1]
29244,[415],1,33.400000000001455,33.400000000001455,82.69999999999709,82.69999999999709,116.09999999999854,116.09999999999854,[33.4],[82.7],[116.1]
29245,[415 428],2,27.900000000001455,33.400000000001455,82.69999999999709,82.69999999999709,110.59999999999854,116.09999999999854,[33.4 22.4],[82.7 82.7],[116.1 105.1]
29246,[415 428],2,27.900000000001455,33.400000000001455,82.69999999999709,82.69999999999709,110.59999999999854,116.09999999999854,[33.4 22.4],[82.7 82.7],[116.1 105.1]
29247,[415 428],2,27.900000000001455,33.400000000001455,82.69999999999709,82.69999999999709,110.59999999999854,116.09999999999854,[33.4 22.4],[82.7 82.7],[116.1 105.1]
29248,[415 428],2,27.900000000001455,33.400000000001455,82.69999999999709,82.69999999999709,110.59999999999854,116.09999999999854,[33.4 22.4],[82.7 82.7],[116.1 105.1]
29249,[415 428],2,27.900000000001455,33.400000000001455,82.69999999999709,82.69999999999709,110.59999999999854,116.09999999999854,[33.4 22.4],[82.7 82.7],[116.1 105.1]
29250,[415 428],2,27.900000000001455,33.400000000001455,82.69999999999709,82.69999999999709,110.59999999999854,116.09999999999854,[33.4 22.4],[82.7 82.7],[116.1 105.1]
29251,[415 428],2,27.900000000001455,33.400000000001455,82.69999999999709,82.69999999999709,110.59999999999854,116.09999999999854,[33.4 22.4],[82.7 82.7],[116.1 105.1]
29252,[415 428],2,27.900000000001455,33.400000000001455,82.69999999999709,82.69999999999709,110.59999999999854,116.09999999999854,[33.4 22.4],[82.7 82.7],[116.1 105.1]
29253,[415 428],2,27.900000000001455,33.400000000001455,82.69999999999709,82.69999999999709,110.59999999999854,116.09999999999854,[33.4 22.4],[82.7 82.7],[116.1 105.1]
29254,[415 428 438],3,23.066666666668123,33.400000000001455,82.69999999999709,82.69999999999709,105.76666666666522,116.09999999999854,[33.4 22.4 13.4],[82.7 82.7 82.7],[116.1 105.1  96.1]
29255,[415 428 438],3,23.066666666668123,33.400000000001455,82.69999999999709,82.69999999999709,105.76666666666522,116.09999999999854,[33.4 22.4 13.4],[82.7 82.7 82.7],[116.1 105.1  96.1]
29256,[415 428 438],3,23.066666666668123,33.400000000001455,82.69999999999709,82.69999999999709,105.76666666666522,116.09999999999854,[33.4 22.4 13.4],[82.7 82.7 82.7],[116.1 105.1  96.1]
29257,[415 428 438 441],4,23.05000000000109,33.400000000001455,67.74999999999818,82.69999999999709,90.79999999999927,116.09999999999854,[33.4 22.4 13.4 23. ],[82.7 82.7 82.7 22.9],[116.1 105.1  96.1  45.9]
29258,[415 428 438 441],4,23.05000000000109,33.400000000001455,67.74999999999818,82.69999999999709,90.79999999999927,116.09999999999854,[33.4 22.4 13.4 23. ],[82.7 82.7 82.7 22.9],[116.1 105.1  96.1  45.9]
29259,[415 428 438 441],4,23.05000000000109,33.400000000001455,67.74999999999818,82.69999999999709,90.79999999999927,116.09999999999854,[33.4 22.4 13.4 23. ],[82.7 82.7 82.7 22.9],[116.1 105.1  96.1  45.9]
29260,[415 428 438 441],4,23.05000000000109,33.400000000001455,67.74999999999818,82.69999999999709,90.79999999999927,116.09999999999854,[33.4 22.4 13.4 23. ],[82.7 82.7 82.7 22.9],[116.1 105.1  96.1  45.9]
29261,[415 428 438 441],4,23.05000000000109,33.400000000001455,67.74999999999818,82.69999999999709,90.79999999999927,116.09999999999854,[33.4 22.4 13.4 23. ],[82.7 82.7 82.7 22.9],[116.1 105.1  96.1  45.9]
29262,[415 428 438 441],4,23.05000000000109,33.400000000001455,67.74999999999818,82.69999999999709,90.79999999999927,116.09999999999854,[33.4 22.4 13.4 23. ],[82.7 82.7 82.7 22.9],[116.1 105.1  96.1  45.9]
29263,[415 428 438 441],4,23.05000000000109,33.400000000001455,67.74999999999818,82.69999999999709,90.79999999999927,116.09999999999854,[33.4 22.4 13.4 23. ],[82.7 82.7 82.7 22.9],[116.1 105.1  96.1  45.9]
29264,[415 428 438 441],4,23.05000000000109,33.400000000001455,67.74999999999818,82.69999999999709,90.79999999999927,116.09999999999854,[33.4 22.4 13.4 23. ],[82.7 82.7 82.7 22.9],[116.1 105.1  96.1  45.9]
29265,[415 428 438 441],4,23.05000000000109,33.400000000001455,67.74999999999818,82.69999999999709,90.79999999999927,116.09999999999854,[33.4 22.4 13.4 23. ],[82.7 82.7 82.7 22.9],[116.1 105.1  96.1  45.9]
29266,[415 428 438 441],4,23.05000000000109,33.400000000001455,67.74999999999818,82.69999999999709,90.79999999999927,116.09999999999854,[33.4 22.4 13.4 23. ],[82.7 82.7 82.7 22.9],[116.1 105.1  96.1  45.9]
29267,[415 428 438 441],4,23.05000000000109,33.400000000001455,67.74999999999818,82.69999999999709,90.79999999999927,116.09999999999854,[33.4 22.4 13.4 23. ],[82.7 82.7 82.7 22.9],[116.1 105.1  96.1  45.9]
29268,[441],1,23.0,23.0,22.900000000001455,22.900000000001455,45.900000000001455,45.900000000001455,[23.],[22.9],[45.9]
29269,[441],1,23.0,23.0,22.900000000001455,22.900000000001455,45.900000000001455,45.900000000001455,[23.],[22.9],[45.9]
29270,[441],1,23.0,23.0,22.900000000001455,22.900000000001455,45.900000000001455,45.900000000001455,[23.],[22.9],[45.9]
29271,[441],1,23.0,23.0,22.900000000001455,22.900000000001455,45.900000000001455,45.900000000001455,[23.],[22.9],[45.9]
29272,[441],1,23.0,23.0,22.900000000001455,22.900000000001455,45.900000000001455,45.900000000001455,[23.],[22.9],[45.9]
29273,[441],1,23.0,23.0,22.900000000001455,22.900000000001455,45.900000000001455,45.900000000001455,[23.],[22.9],[45.9]
29274,[441],1,23.0,23.0,22.900000000001455,22.900000000001455,45.900000000001455,45.900000000001455,[23.],[22.9],[45.9]
29275,[441],1,23.0,23.0,22.900000000001455,22.900000000001455,45.900000000001455,45.900000000001455,[23.],[22.9],[45.9]
29276,[441],1,23.0,23.0,22.900000000001455,22.900000000001455,45.900000000001455,45.900000000001455,[23.],[22.9],[45.9]
29277,[441],1,23.0,23.0,22.900000000001455,22.900000000001455,45.900000000001455,45.900000000001455,[23.],[22.9],[45.9]
29278,[441],1,23.0,23.0,22.900000000001455,22.900000000001455,45.900000000001455,45.900000000001455,[23.],[22.9],[45.9]
29279,[441],1,23.0,23.0,22.900000000001455,22.900000000001455,45.900000000001455,45.900000000001455,[23.],[22.9],[45.9]
29280,[441],1,23.0,23.0,22.900000000001455,22.900000000001455,45.900000000001455,45.900000000001455,[23.],[22.9],[45.9]
29281,[],0,0.0,0.0,0.0,0.0,0.0,0.0,[],[],[]
29282,[],0,0.0,0.0,0.0,0.0,0.0,0.0,[],[],[]
29283,[463],1,4.599999999998545,4.599999999998545,52.30000000000291,52.30000000000291,56.900000000001455,56.900000000001455,[4.6],[52.3],[56.9]
29284,[463],1,4.599999999998545,4.599999999998545,52.30000000000291,52.30000000000291,56.900000000001455,56.900000000001455,[4.6],[52.3],[56.9]
29285,[463],1,4.599999999998545,4.599999999998545,52.30000000000291,52.30000000000291,56.900000000001455,56.900000000001455,[4.6],[52.3],[56.9]
29286,[463],1,4.599999999998545,4.599999999998545,52.30000000000291,52.30000000000291,56.900000000001455,56.900000000001455,[4.6],[52.3],[56.9]
29287,[463],1,4.599999999998545,4.599999999998545,52.30000000000291,52.30000000000291,56.900000000001455,56.900000000001455,[4.6],[52.3],[56.9]
29288,[],0,0.0,0.0,0.0,0.0,0.0,0.0,[],[],[]
29289,[],0,0.0,0.0,0.0,0.0,0.0,0.0,[],[],[]
29290,[],0,0.0,0.0,0.0,0.0,0.0,0.0,[],[],[]
29291,[],0,0.0,0.0,0.0,0.0,0.0,0.0,[],[],[]
29292,[],0,0.0,0.0,0.0,0.0,0.0,0.0,[],[],[]
29293,[],0,0.0,0.0,0.0,0.0,0.0,0.0,[],[],[]
29294,[],0,0.0,0.0,0.0,0.0,0.0,0.0,[],[],[]
29295,[],0,0.0,0.0,0.0,0.0,0.0,0.0,[],[],[]
29296,[],0,0.0,0.0,0.0,0.0,0.0,0.0,[],[],[]
29297,[],0,0.0,0.0,0.0,0.0,0.0,0.0,[],[],[]
29298,[],0,0.0,0.0,0.0,0.0,0.0,0.0,[],[],[]
29299,[],0,0.0,0.0,0.0,0.0,0.0,0.0,[],[],[]
29300,[480],1,31.400000000001455,31.400000000001455,52.19999999999709,52.19999999999709,83.59999999999854,83.59999999999854,[31.4],[52.2],[83.6]
29301,[480],1,31.400000000001455,31.400000000001455,52.19999999999709,52.19999999999709,83.59999999999854,83.59999999999854,[31.4],[52.2],[83.6]
29302,[480],1,31.400000000001455,31.400000000001455,52.19999999999709,52.19999999999709,83.59999999999854,83.59999999999854,[31.4],[52.2],[83.6]
29303,[480],1,31.400000000001455,31.400000000001455,52.19999999999709,52.19999999999709,83.59999999999854,83.59999999999854,[31.4],[52.2],[83.6]
29304,[480],1,31.400000000001455,31.400000000001455,52.19999999999709,52.19999999999709,83.59999999999854,83.59999999999854,[31.4],[52.2],[83.6]
29305,[480],1,31.400000000001455,31.400000000001455,52.19999999999709,52.19999999999709,83.59999999999854,83.59999999999854,[31.4],[52.2],[83.6]
29306,[480],1,31.400000000001455,31.400000000001455,52.19999999999709,52.19999999999709,83.59999999999854,83.59999999999854,[31.4],[52.2],[83.6]
29307,[480],1,31.400000000001455,31.400000000001455,52.19999999999709,52.19999999999709,83.59999999999854,83.59999999999854,[31.4],[52.2],[83.6]
29308,[480],1,31.400000000001455,31.400000000001455,52.19999999999709,52.19999999999709,83.59999999999854,83.59999999999854,[31.4],[52.2],[83.6]
29309,[480],1,31.400000000001455,31.400000000001455,52.19999999999709,52.19999999999709,83.59999999999854,83.59999999999854,[31.4],[52.2],[83.6]
29310,[480],1,31.400000000001455,31.400000000001455,52.19999999999709,52.19999999999709,83.59999999999854,83.59999999999854,[31.4],[52.2],[83.6]
29311,[480],1,31.400000000001455,31.400000000001455,52.19999999999709,52.19999999999709,83.59999999999854,83.59999999999854,[31.4],[52.2],[83.6]
29312,[480],1,31.400000000001455,31.400000000001455,52.19999999999709,52.19999999999709,83.59999999999854,83.59999999999854,[31.4],[52.2],[83.6]
29313,[480],1,31.400000000001455,31.400000000001455,52.19999999999709,52.19999999999709,83.59999999999854,83.59999999999854,[31.4],[52.2],[83.6]
29314,[480],1,31.400000000001455,31.400000000001455,52.19999999999709,52.19999999999709,83.59999999999854,83.59999999999854,[31.4],[52.2],[83.6]
29315,[480],1,31.400000000001455,31.400000000001455,52.19999999999709,52.19999999999709,83.59999999999854,83.59999999999854,[31.4],[52.2],[83.6]
29316,[480],1,31.400000000001455,31.400000000001455,52.19999999999709,52.19999999999709,83.59999999999854,83.59999999999854,[31.4],[52.2],[83.6]
29317,[480],1,31.400000000001455,31.400000000001455,52.19999999999709,52.19999999999709,83.59999999999854,83.59999999999854,[31.4],[52.2],[83.6]
29318,[480 497],2,55.25,79.09999999999854,39.099999999998545,52.19999999999709,94.34999999999854,105.09999999999854,[31.4 79.1],[52.2 26. ],[ 83.6 105.1]
29319,[480 497],2,55.25,79.09999999999854,39.099999999998545,52.19999999999709,94.34999999999854,105.09999999999854,[31.4 79.1],[52.2 26. ],[ 83.6 105.1]
29320,[480 497],2,55.25,79.09999999999854,39.099999999998545,52.19999999999709,94.34999999999854,105.09999999999854,[31.4 79.1],[52.2 26. ],[ 83.6 105.1]
29321,[480 497],2,55.25,79.09999999999854,39.099999999998545,52.19999999999709,94.34999999999854,105.09999999999854,[31.4 79.1],[52.2 26. ],[ 83.6 105.1]
29322,[480 497],2,55.25,79.09999999999854,39.099999999998545,52.19999999999709,94.34999999999854,105.09999999999854,[31.4 79.1],[52.2 26. ],[ 83.6 105.1]
29323,[480 497],2,55.25,79.09999999999854,39.099999999998545,52.19999999999709,94.34999999999854,105.09999999999854,[31.4 79.1],[52.2 26. ],[ 83.6 105.1]
29324,[480 497],2,55.25,79.09999999999854,39.099999999998545,52.19999999999709,94.34999999999854,105.09999999999854,[31.4 79.1],[52.2 26. ],[ 83.6 105.1]
29325,[480 497],2,55.25,79.09999999999854,39.099999999998545,52.19999999999709,94.34999999999854,105.09999999999854,[31.4 79.1],[52.2 26. ],[ 83.6 105.1]
29326,[480 497],2,55.25,79.09999999999854,39.099999999998545,52.19999999999709,94.34999999999854,105.09999999999854,[31.4 79.1],[52.2 26. ],[ 83.6 105.1]
29327,[480 497],2,55.25,79.09999999999854,39.099999999998545,52.19999999999709,94.34999999999854,105.09999999999854,[31.4 79.1],[52.2 26. ],[ 83.6 105.1]
29328,[480 497],2,55.25,79.09999999999854,39.099999999998545,52.19999999999709,94.34999999999854,105.09999999999854,[31.4 79.1],[52.2 26. ],[ 83.6 105.1]
29329,[480 497],2,55.25,79.09999999999854,39.099999999998545,52.19999999999709,94.34999999999854,105.09999999999854,[31.4 79.1],[52.2 26. ],[ 83.6 105.1]
29330,[480 497],2,55.25,79.09999999999854,39.099999999998545,52.19999999999709,94.34999999999854,105.09999999999854,[31.4 79.1],[52.2 26. ],[ 83.6 105.1]
29331,[480 497],2,55.25,79.09999999999854,39.099999999998545,52.19999999999709,94.34999999999854,105.09999999999854,[31.4 79.1],[52.2 26. ],[ 83.6 105.1]
29332,[497],1,79.09999999999854,79.09999999999854,26.0,26.0,105.09999999999854,105.09999999999854,[79.1],[26.],[105.1]
29333,[497],1,79.09999999999854,79.09999999999854,26.0,26.0,105.09999999999854,105.09999999999854,[79.1],[26.],[105.1]
29334,[497],1,79.09999999999854,79.09999999999854,26.0,26.0,105.09999999999854,105.09999999999854,[79.1],[26.],[105.1]
29335,[497],1,79.09999999999854,79.09999999999854,26.0,26.0,105.09999999999854,105.09999999999854,[79.1],[26.],[105.1]
29336,[497],1,79.09999999999854,79.09999999999854,26.0,26.0,105.09999999999854,105.09999999999854,[79.1],[26.],[105.1]
29337,[497],1,79.09999999999854,79.09999999999854,26.0,26.0,105.09999999999854,105.09999999999854,[79.1],[26.],[105.1]
29338,[497],1,79.09999999999854,79.09999999999854,26.0,26.0,105.09999999999854,105.09999999999854,[79.1],[26.],[105.1]
29339,[497],1,79.09999999999854,79.09999999999854,26.0,26.0,105.09999999999854,105.09999999999854,[79.1],[26.],[105.1]
29340,[497],1,79.09999999999854,79.09999999999854,26.0,26.0,105.09999999999854,105.09999999999854,[79.1],[26.],[105.1]
29341,[497],1,79.09999999999854,79.09999999999854,26.0,26.0,105.09999999999854,105.09999999999854,[79.1],[26.],[105.1]
29342,[497 529],2,41.04999999999927,79.09999999999854,32.29999999999927,38.599999999998545,73.34999999999854,105.09999999999854,[79.1  3. ],[26.  38.6],[105.1  41.6]
29343,[497 529],2,41.04999999999927,79.09999999999854,32.29999999999927,38.599999999998545,73.34999999999854,105.09999999999854,[79.1  3. ],[26.  38.6],[105.1  41.6]
29344,[497 529],2,41.04999999999927,79.09999999999854,32.29999999999927,38.599999999998545,73.34999999999854,105.09999999999854,[79.1  3. ],[26.  38.6],[105.1  41.6]
29345,[497 529],2,41.04999999999927,79.09999999999854,32.29999999999927,38.599999999998545,73.34999999999854,105.09999999999854,[79.1  3. ],[26.  38.6],[105.1  41.6]
29346,[497],1,79.09999999999854,79.09999999999854,26.0,26.0,105.09999999999854,105.09999999999854,[79.1],[26.],[105.1]
29347,[497],1,79.09999999999854,79.09999999999854,26.0,26.0,105.09999999999854,105.09999999999854,[79.1],[26.],[105.1]
29348,[497],1,79.09999999999854,79.09999999999854,26.0,26.0,105.09999999999854,105.09999999999854,[79.1],[26.],[105.1]
29349,[497],1,79.09999999999854,79.09999999999854,26.0,26.0,105.09999999999854,105.09999999999854,[79.1],[26.],[105.1]
29350,[497],1,79.09999999999854,79.09999999999854,26.0,26.0,105.09999999999854,105.09999999999854,[79.1],[26.],[105.1]
29351,[497],1,79.09999999999854,79.09999999999854,26.0,26.0,105.09999999999854,105.09999999999854,[79.1],[26.],[105.1]
29352,[497],1,79.09999999999854,79.09999999999854,26.0,26.0,105.09999999999854,105.09999999999854,[79.1],[26.],[105.1]
29353,[497],1,79.09999999999854,79.09999999999854,26.0,26.0,105.09999999999854,105.09999999999854,[79.1],[26.],[105.1]
29354,[497],1,79.09999999999854,79.09999999999854,26.0,26.0,105.09999999999854,105.09999999999854,[79.1],[26.],[105.1]
29355,[497],1,79.09999999999854,79.09999999999854,26.0,26.0,105.09999999999854,105.09999999999854,[79.1],[26.],[105.1]
29356,[497],1,79.09999999999854,79.09999999999854,26.0,26.0,105.09999999999854,105.09999999999854,[79.1],[26.],[105.1]
29357,[497],1,79.09999999999854,79.09999999999854,26.0,26.0,105.09999999999854,105.09999999999854,[79.1],[26.],[105.1]
29358,[497],1,79.09999999999854,79.09999999999854,26.0,26.0,105.09999999999854,105.09999999999854,[79.1],[26.],[105.1]
29359,[497],1,79.09999999999854,79.09999999999854,26.0,26.0,105.09999999999854,105.09999999999854,[79.1],[26.],[105.1]
29360,[497],1,79.09999999999854,79.09999999999854,26.0,26.0,105.09999999999854,105.09999999999854,[79.1],[26.],[105.1]
29361,[497],1,79.09999999999854,79.09999999999854,26.0,26.0,105.09999999999854,105.09999999999854,[79.1],[26.],[105.1]
29362,[497],1,79.09999999999854,79.09999999999854,26.0,26.0,105.09999999999854,105.09999999999854,[79.1],[26.],[105.1]
29363,[497],1,79.09999999999854,79.09999999999854,26.0,26.0,105.09999999999854,105.09999999999854,[79.1],[26.],[105.1]
29364,[497],1,79.09999999999854,79.09999999999854,26.0,26.0,105.09999999999854,105.09999999999854,[79.1],[26.],[105.1]
29365,[497],1,79.09999999999854,79.09999999999854,26.0,26.0,105.09999999999854,105.09999999999854,[79.1],[26.],[105.1]
29366,[497],1,79.09999999999854,79.09999999999854,26.0,26.0,105.09999999999854,105.09999999999854,[79.1],[26.],[105.1]
29367,[497],1,79.09999999999854,79.09999999999854,26.0,26.0,105.09999999999854,105.09999999999854,[79.1],[26.],[105.1]
29368,[497],1,79.09999999999854,79.09999999999854,26.0,26.0,105.09999999999854,105.09999999999854,[79.1],[26.],[105.1]
29369,[497],1,79.09999999999854,79.09999999999854,26.0,26.0,105.09999999999854,105.09999999999854,[79.1],[26.],[105.1]
29370,[497],1,79.09999999999854,79.09999999999854,26.0,26.0,105.09999999999854,105.09999999999854,[79.1],[26.],[105.1]
29371,[497],1,79.09999999999854,79.09999999999854,26.0,26.0,105.09999999999854,105.09999999999854,[79.1],[26.],[105.1]
29372,[497],1,79.09999999999854,79.09999999999854,26.0,26.0,105.09999999999854,105.09999999999854,[79.1],[26.],[105.1]
29373,[497],1,79.09999999999854,79.09999999999854,26.0,26.0,105.09999999999854,105.09999999999854,[79.1],[26.],[105.1]
29374,[497],1,79.09999999999854,79.09999999999854,26.0,26.0,105.09999999999854,105.09999999999854,[79.1],[26.],[105.1]
29375,[497],1,79.09999999999854,79.09999999999854,26.0,26.0,105.09999999999854,105.09999999999854,[79.1],[26.],[105.1]
29376,[497],1,79.09999999999854,79.09999999999854,26.0,26.0,105.09999999999854,105.09999999999854,[79.1],[26.],[105.1]
29377,[497],1,79.09999999999854,79.09999999999854,26.0,26.0,105.09999999999854,105.09999999999854,[79.1],[26.],[105.1]
29378,[497],1,79.09999999999854,79.09999999999854,26.0,26.0,105.09999999999854,105.09999999999854,[79.1],[26.],[105.1]
29379,[497],1,79.09999999999854,79.09999999999854,26.0,26.0,105.09999999999854,105.09999999999854,[79.1],[26.],[105.1]
29380,[497],1,79.09999999999854,79.09999999999854,26.0,26.0,105.09999999999854,105.09999999999854,[79.1],[26.],[105.1]
29381,[497],1,79.09999999999854,79.09999999999854,26.0,26.0,105.09999999999854,105.09999999999854,[79.1],[26.],[105.1]
29382,[497],1,79.09999999999854,79.09999999999854,26.0,26.0,105.09999999999854,105.09999999999854,[79.1],[26.],[105.1]
29383,[497],1,79.09999999999854,79.09999999999854,26.0,26.0,105.09999999999854,105.09999999999854,[79.1],[26.],[105.1]
29384,[497],1,79.09999999999854,79.09999999999854,26.0,26.0,105.09999999999854,105.09999999999854,[79.1],[26.],[105.1]
29385,[497],1,79.09999999999854,79.09999999999854,26.0,26.0,105.09999999999854,105.09999999999854,[79.1],[26.],[105.1]
29386,[497 561],2,45.099999999998545,79.09999999999854,50.350000000000364,74.70000000000073,95.44999999999891,105.09999999999854,[79.1 11.1],[26.  74.7],[105.1  85.8]
29387,[497 561],2,45.099999999998545,79.09999999999854,50.350000000000364,74.70000000000073,95.44999999999891,105.09999999999854,[79.1 11.1],[26.  74.7],[105.1  85.8]
29388,[497 561],2,45.099999999998545,79.09999999999854,50.350000000000364,74.70000000000073,95.44999999999891,105.09999999999854,[79.1 11.1],[26.  74.7],[105.1  85.8]
29389,[497 561],2,45.099999999998545,79.09999999999854,50.350000000000364,74.70000000000073,95.44999999999891,105.09999999999854,[79.1 11.1],[26.  74.7],[105.1  85.8]
29390,[497 561],2,45.099999999998545,79.09999999999854,50.350000000000364,74.70000000000073,95.44999999999891,105.09999999999854,[79.1 11.1],[26.  74.7],[105.1  85.8]
29391,[497 561],2,45.099999999998545,79.09999999999854,50.350000000000364,74.70000000000073,95.44999999999891,105.09999999999854,[79.1 11.1],[26.  74.7],[105.1  85.8]
29392,[497 561],2,45.099999999998545,79.09999999999854,50.350000000000364,74.70000000000073,95.44999999999891,105.09999999999854,[79.1 11.1],[26.  74.7],[105.1  85.8]
29393,[497 561],2,45.099999999998545,79.09999999999854,50.350000000000364,74.70000000000073,95.44999999999891,105.09999999999854,[79.1 11.1],[26.  74.7],[105.1  85.8]
29394,[497 561],2,45.099999999998545,79.09999999999854,50.350000000000364,74.70000000000073,95.44999999999891,105.09999999999854,[79.1 11.1],[26.  74.7],[105.1  85.8]
29395,[497 561],2,45.099999999998545,79.09999999999854,50.350000000000364,74.70000000000073,95.44999999999891,105.09999999999854,[79.1 11.1],[26.  74.7],[105.1  85.8]
29396,[497 561],2,45.099999999998545,79.09999999999854,50.350000000000364,74.70000000000073,95.44999999999891,105.09999999999854,[79.1 11.1],[26.  74.7],[105.1  85.8]
29397,[497 561],2,45.099999999998545,79.09999999999854,50.350000000000364,74.70000000000073,95.44999999999891,105.09999999999854,[79.1 11.1],[26.  74.7],[105.1  85.8]
29398,[],0,0.0,0.0,0.0,0.0,0.0,0.0,[],[],[]
29399,[],0,0.0,0.0,0.0,0.0,0.0,0.0,[],[],[]
29400,[573],1,0.0,0.0,71.79999999999927,71.79999999999927,71.79999999999927,71.79999999999927,[0.],[71.8],[71.8]
29401,[],0,0.0,0.0,0.0,0.0,0.0,0.0,[],[],[]
29402,[],0,0.0,0.0,0.0,0.0,0.0,0.0,[],[],[]
29403,[580],1,0.0,0.0,68.79999999999927,68.79999999999927,68.79999999999927,68.79999999999927,[0.],[68.8],[68.8]
29404,[],0,0.0,0.0,0.0,0.0,0.0,0.0,[],[],[]
29405,[],0,0.0,0.0,0.0,0.0,0.0,0.0,[],[],[]
29406,[],0,0.0,0.0,0.0,0.0,0.0,0.0,[],[],[]
29407,[],0,0.0,0.0,0.0,0.0,0.0,0.0,[],[],[]
29408,[],0,0.0,0.0,0.0,0.0,0.0,0.0,[],[],[]
29409,[],0,0.0,0.0,0.0,0.0,0.0,0.0,[],[],[]
29410,[],0,0.0,0.0,0.0,0.0,0.0,0.0,[],[],[]
29411,[],0,0.0,0.0,0.0,0.0,0.0,0.0,[],[],[]
29412,[],0,0.0,0.0,0.0,0.0,0.0,0.0,[],[],[]
29413,[586],1,67.79999999999927,67.79999999999927,40.79999999999927,40.79999999999927,108.59999999999854,108.59999999999854,[67.8],[40.8],[108.6]
29414,[586],1,67.79999999999927,67.79999999999927,40.79999999999927,40.79999999999927,108.59999999999854,108.59999999999854,[67.8],[40.8],[108.6]
29415,[586],1,67.79999999999927,67.79999999999927,40.79999999999927,40.79999999999927,108.59999999999854,108.59999999999854,[67.8],[40.8],[108.6]
29416,[586],1,67.79999999999927,67.79999999999927,40.79999999999927,40.79999999999927,108.59999999999854,108.59999999999854,[67.8],[40.8],[108.6]
29417,[586],1,67.79999999999927,67.79999999999927,40.79999999999927,40.79999999999927,108.59999999999854,108.59999999999854,[67.8],[40.8],[108.6]
29418,[586],1,67.79999999999927,67.79999999999927,40.79999999999927,40.79999999999927,108.59999999999854,108.59999999999854,[67.8],[40.8],[108.6]
29419,[586],1,67.79999999999927,67.79999999999927,40.79999999999927,40.79999999999927,108.59999999999854,108.59999999999854,[67.8],[40.8],[108.6]
29420,[586],1,67.79999999999927,67.79999999999927,40.79999999999927,40.79999999999927,108.59999999999854,108.59999999999854,[67.8],[40.8],[108.6]
29421,[586],1,67.79999999999927,67.79999999999927,40.79999999999927,40.79999999999927,108.59999999999854,108.59999999999854,[67.8],[40.8],[108.6]
29422,[586],1,67.79999999999927,67.79999999999927,40.79999999999927,40.79999999999927,108.59999999999854,108.59999999999854,[67.8],[40.8],[108.6]
29423,[586],1,67.79999999999927,67.79999999999927,40.79999999999927,40.79999999999927,108.59999999999854,108.59999999999854,[67.8],[40.8],[108.6]
29424,[586],1,67.79999999999927,67.79999999999927,40.79999999999927,40.79999999999927,108.59999999999854,108.59999999999854,[67.8],[40.8],[108.6]
29425,[586],1,67.79999999999927,67.79999999999927,40.79999999999927,40.79999999999927,108.59999999999854,108.59999999999854,[67.8],[40.8],[108.6]
29426,[586],1,67.79999999999927,67.79999999999927,40.79999999999927,40.79999999999927,108.59999999999854,108.59999999999854,[67.8],[40.8],[108.6]
29427,[586],1,67.79999999999927,67.79999999999927,40.79999999999927,40.79999999999927,108.59999999999854,108.59999999999854,[67.8],[40.8],[108.6]
29428,[586],1,67.79999999999927,67.79999999999927,40.79999999999927,40.79999999999927,108.59999999999854,108.59999999999854,[67.8],[40.8],[108.6]
29429,[586],1,67.79999999999927,67.79999999999927,40.79999999999927,40.79999999999927,108.59999999999854,108.59999999999854,[67.8],[40.8],[108.6]
29430,[586],1,67.79999999999927,67.79999999999927,40.79999999999927,40.79999999999927,108.59999999999854,108.59999999999854,[67.8],[40.8],[108.6]
29431,[586],1,67.79999999999927,67.79999999999927,40.79999999999927,40.79999999999927,108.59999999999854,108.59999999999854,[67.8],[40.8],[108.6]
29432,[586],1,67.79999999999927,67.79999999999927,40.79999999999927,40.79999999999927,108.59999999999854,108.59999999999854,[67.8],[40.8],[108.6]
29433,[586],1,67.79999999999927,67.79999999999927,40.79999999999927,40.79999999999927,108.59999999999854,108.59999999999854,[67.8],[40.8],[108.6]
29434,[586],1,67.79999999999927,67.79999999999927,40.79999999999927,40.79999999999927,108.59999999999854,108.59999999999854,[67.8],[40.8],[108.6]
29435,[586],1,67.79999999999927,67.79999999999927,40.79999999999927,40.79999999999927,108.59999999999854,108.59999999999854,[67.8],[40.8],[108.6]
29436,[586],1,67.79999999999927,67.79999999999927,40.79999999999927,40.79999999999927,108.59999999999854,108.59999999999854,[67.8],[40.8],[108.6]
29437,[586],1,67.79999999999927,67.79999999999927,40.79999999999927,40.79999999999927,108.59999999999854,108.59999999999854,[67.8],[40.8],[108.6]
29438,[586],1,67.79999999999927,67.79999999999927,40.79999999999927,40.79999999999927,108.59999999999854,108.59999999999854,[67.8],[40.8],[108.6]
29439,[586],1,67.79999999999927,67.79999999999927,40.79999999999927,40.79999999999927,108.59999999999854,108.59999999999854,[67.8],[40.8],[108.6]
29440,[586],1,67.79999999999927,67.79999999999927,40.79999999999927,40.79999999999927,108.59999999999854,108.59999999999854,[67.8],[40.8],[108.6]
29441,[586],1,67.79999999999927,67.79999999999927,40.79999999999927,40.79999999999927,108.59999999999854,108.59999999999854,[67.8],[40.8],[108.6]
29442,[586],1,67.79999999999927,67.79999999999927,40.79999999999927,40.79999999999927,108.59999999999854,108.59999999999854,[67.8],[40.8],[108.6]
29443,[586],1,67.79999999999927,67.79999999999927,40.79999999999927,40.79999999999927,108.59999999999854,108.59999999999854,[67.8],[40.8],[108.6]
29444,[586],1,67.79999999999927,67.79999999999927,40.79999999999927,40.79999999999927,108.59999999999854,108.59999999999854,[67.8],[40.8],[108.6]
29445,[586],1,67.79999999999927,67.79999999999927,40.79999999999927,40.79999999999927,108.59999999999854,108.59999999999854,[67.8],[40.8],[108.6]
29446,[586],1,67.79999999999927,67.79999999999927,40.79999999999927,40.79999999999927,108.59999999999854,108.59999999999854,[67.8],[40.8],[108.6]
29447,[586],1,67.79999999999927,67.79999999999927,40.79999999999927,40.79999999999927,108.59999999999854,108.59999999999854,[67.8],[40.8],[108.6]
29448,[586],1,67.79999999999927,67.79999999999927,40.79999999999927,40.79999999999927,108.59999999999854,108.59999999999854,[67.8],[40.8],[108.6]
29449,[586],1,67.79999999999927,67.79999999999927,40.79999999999927,40.79999999999927,108.59999999999854,108.59999999999854,[67.8],[40.8],[108.6]
29450,[586],1,67.79999999999927,67.79999999999927,40.79999999999927,40.79999999999927,108.59999999999854,108.59999999999854,[67.8],[40.8],[108.6]
29451,[586],1,67.79999999999927,67.79999999999927,40.79999999999927,40.79999999999927,108.59999999999854,108.59999999999854,[67.8],[40.8],[108.6]
29452,[586],1,67.79999999999927,67.79999999999927,40.79999999999927,40.79999999999927,108.59999999999854,108.59999999999854,[67.8],[40.8],[108.6]
29453,[586],1,67.79999999999927,67.79999999999927,40.79999999999927,40.79999999999927,108.59999999999854,108.59999999999854,[67.8],[40.8],[108.6]
29454,[586],1,67.79999999999927,67.79999999999927,40.79999999999927,40.79999999999927,108.59999999999854,108.59999999999854,[67.8],[40.8],[108.6]
29455,[586],1,67.79999999999927,67.79999999999927,40.79999999999927,40.79999999999927,108.59999999999854,108.59999999999854,[67.8],[40.8],[108.6]
29456,[586],1,67.79999999999927,67.79999999999927,40.79999999999927,40.79999999999927,108.59999999999854,108.59999999999854,[67.8],[40.8],[108.6]
29457,[586],1,67.79999999999927,67.79999999999927,40.79999999999927,40.79999999999927,108.59999999999854,108.59999999999854,[67.8],[40.8],[108.6]
29458,[586],1,67.79999999999927,67.79999999999927,40.79999999999927,40.79999999999927,108.59999999999854,108.59999999999854,[67.8],[40.8],[108.6]
29459,[586],1,67.79999999999927,67.79999999999927,40.79999999999927,40.79999999999927,108.59999999999854,108.59999999999854,[67.8],[40.8],[108.6]
29460,[586],1,67.79999999999927,67.79999999999927,40.79999999999927,40.79999999999927,108.59999999999854,108.59999999999854,[67.8],[40.8],[108.6]
29461,[586],1,67.79999999999927,67.79999999999927,40.79999999999927,40.79999999999927,108.59999999999854,108.59999999999854,[67.8],[40.8],[108.6]
29462,[586],1,67.79999999999927,67.79999999999927,40.79999999999927,40.79999999999927,108.59999999999854,108.59999999999854,[67.8],[40.8],[108.6]
29463,[586],1,67.79999999999927,67.79999999999927,40.79999999999927,40.79999999999927,108.59999999999854,108.59999999999854,[67.8],[40.8],[108.6]
29464,[586],1,67.79999999999927,67.79999999999927,40.79999999999927,40.79999999999927,108.59999999999854,108.59999999999854,[67.8],[40.8],[108.6]
29465,[586],1,67.79999999999927,67.79999999999927,40.79999999999927,40.79999999999927,108.59999999999854,108.59999999999854,[67.8],[40.8],[108.6]
29466,[586 632],2,33.899999999999636,67.79999999999927,30.25,40.79999999999927,64.14999999999964,108.59999999999854,[67.8  0. ],[40.8 19.7],[108.6  19.7]
29467,[586],1,67.79999999999927,67.79999999999927,40.79999999999927,40.79999999999927,108.59999999999854,108.59999999999854,[67.8],[40.8],[108.6]
29468,[586],1,67.79999999999927,67.79999999999927,40.79999999999927,40.79999999999927,108.59999999999854,108.59999999999854,[67.8],[40.8],[108.6]
29469,[586],1,67.79999999999927,67.79999999999927,40.79999999999927,40.79999999999927,108.59999999999854,108.59999999999854,[67.8],[40.8],[108.6]
29470,[586],1,67.79999999999927,67.79999999999927,40.79999999999927,40.79999999999927,108.59999999999854,108.59999999999854,[67.8],[40.8],[108.6]
29471,[586 638],2,38.79999999999927,67.79999999999927,40.79999999999927,40.79999999999927,79.59999999999854,108.59999999999854,[67.8  9.8],[40.8 40.8],[108.6  50.6]
29472,[586 638],2,38.79999999999927,67.79999999999927,40.79999999999927,40.79999999999927,79.59999999999854,108.59999999999854,[67.8  9.8],[40.8 40.8],[108.6  50.6]
29473,[586 638],2,38.79999999999927,67.79999999999927,40.79999999999927,40.79999999999927,79.59999999999854,108.59999999999854,[67.8  9.8],[40.8 40.8],[108.6  50.6]
29474,[586 638],2,38.79999999999927,67.79999999999927,40.79999999999927,40.79999999999927,79.59999999999854,108.59999999999854,[67.8  9.8],[40.8 40.8],[108.6  50.6]
29475,[586 638],2,38.79999999999927,67.79999999999927,40.79999999999927,40.79999999999927,79.59999999999854,108.59999999999854,[67.8  9.8],[40.8 40.8],[108.6  50.6]
29476,[586 638 642],3,27.46666666666594,67.79999999999927,40.79999999999927,40.79999999999927,68.26666666666522,108.59999999999854,[67.8  9.8  4.8],[40.8 40.8 40.8],[108.6  50.6  45.6]
29477,[586 638 642],3,27.46666666666594,67.79999999999927,40.79999999999927,40.79999999999927,68.26666666666522,108.59999999999854,[67.8  9.8  4.8],[40.8 40.8 40.8],[108.6  50.6  45.6]
29478,[586 638 642],3,27.46666666666594,67.79999999999927,40.79999999999927,40.79999999999927,68.26666666666522,108.59999999999854,[67.8  9.8  4.8],[40.8 40.8 40.8],[108.6  50.6  45.6]
29479,[586 638 642],3,27.46666666666594,67.79999999999927,40.79999999999927,40.79999999999927,68.26666666666522,108.59999999999854,[67.8  9.8  4.8],[40.8 40.8 40.8],[108.6  50.6  45.6]
29480,[586 638 642],3,27.46666666666594,67.79999999999927,40.79999999999927,40.79999999999927,68.26666666666522,108.59999999999854,[67.8  9.8  4.8],[40.8 40.8 40.8],[108.6  50.6  45.6]
29481,[],0,0.0,0.0,0.0,0.0,0.0,0.0,[],[],[]
29482,[],0,0.0,0.0,0.0,0.0,0.0,0.0,[],[],[]
29483,[],0,0.0,0.0,0.0,0.0,0.0,0.0,[],[],[]
29484,[],0,0.0,0.0,0.0,0.0,0.0,0.0,[],[],[]
29485,[],0,0.0,0.0,0.0,0.0,0.0,0.0,[],[],[]
29486,[],0,0.0,0.0,0.0,0.0,0.0,0.0,[],[],[]
29487,[],0,0.0,0.0,0.0,0.0,0.0,0.0,[],[],[]
29488,[],0,0.0,0.0,0.0,0.0,0.0,0.0,[],[],[]
29489,[],0,0.0,0.0,0.0,0.0,0.0,0.0,[],[],[]
29490,[],0,0.0,0.0,0.0,0.0,0.0,0.0,[],[],[]
29491,[],0,0.0,0.0,0.0,0.0,0.0,0.0,[],[],[]
29492,[],0,0.0,0.0,0.0,0.0,0.0,0.0,[],[],[]
29493,[],0,0.0,0.0,0.0,0.0,0.0,0.0,[],[],[]
29494,[],0,0.0,0.0,0.0,0.0,0.0,0.0,[],[],[]
29495,[],0,0.0,0.0,0.0,0.0,0.0,0.0,[],[],[]
29496,[],0,0.0,0.0,0.0,0.0,0.0,0.0,[],[],[]
29497,[],0,0.0,0.0,0.0,0.0,0.0,0.0,[],[],[]
29498,[],0,0.0,0.0,0.0,0.0,0.0,0.0,[],[],[]
29499,[],0,0.0,0.0,0.0,0.0,0.0,0.0,[],[],[]
29500,[],0,0.0,0.0,0.0,0.0,0.0,0.0,[],[],[]
29501,[],0,0.0,0.0,0.0,0.0,0.0,0.0,[],[],[]
29502,[],0,0.0,0.0,0.0,0.0,0.0,0.0,[],[],[]
29503,[],0,0.0,0.0,0.0,0.0,0.0,0.0,[],[],[]
29504,[],0,0.0,0.0,0.0,0.0,0.0,0.0,[],[],[]
29505,[],0,0.0,0.0,0.0,0.0,0.0,0.0,[],[],[]
29506,[],0,0.0,0.0,0.0,0.0,0.0,0.0,[],[],[]
29507,[],0,0.0,0.0,0.0,0.0,0.0,0.0,[],[],[]
29508,[],0,0.0,0.0,0.0,0.0,0.0,0.0,[],[],[]
29509,[],0,0.0,0.0,0.0,0.0,0.0,0.0,[],[],[]
29510,[],0,0.0,0.0,0.0,0.0,0.0,0.0,[],[],[]
29511,[],0,0.0,0.0,0.0,0.0,0.0,0.0,[],[],[]
29512,[],0,0.0,0.0,0.0,0.0,0.0,0.0,[],[],[]
29513,[],0,0.0,0.0,0.0,0.0,0.0,0.0,[],[],[]
29514,[],0,0.0,0.0,0.0,0.0,0.0,0.0,[],[],[]
29515,[],0,0.0,0.0,0.0,0.0,0.0,0.0,[],[],[]
29516,[],0,0.0,0.0,0.0,0.0,0.0,0.0,[],[],[]
29517,[678],1,16.5,16.5,60.79999999999927,60.79999999999927,77.29999999999927,77.29999999999927,[16.5],[60.8],[77.3]
29518,[678],1,16.5,16.5,60.79999999999927,60.79999999999927,77.29999999999927,77.29999999999927,[16.5],[60.8],[77.3]
29519,[678],1,16.5,16.5,60.79999999999927,60.79999999999927,77.29999999999927,77.29999999999927,[16.5],[60.8],[77.3]
29520,[678 682],2,15.0,16.5,60.79999999999927,60.79999999999927,75.79999999999927,77.29999999999927,[16.5 13.5],[60.8 60.8],[77.3 74.3]
29521,[678 682],2,15.0,16.5,60.79999999999927,60.79999999999927,75.79999999999927,77.29999999999927,[16.5 13.5],[60.8 60.8],[77.3 74.3]
29522,[678 682],2,15.0,16.5,60.79999999999927,60.79999999999927,75.79999999999927,77.29999999999927,[16.5 13.5],[60.8 60.8],[77.3 74.3]
29523,[678 682],2,15.0,16.5,60.79999999999927,60.79999999999927,75.79999999999927,77.29999999999927,[16.5 13.5],[60.8 60.8],[77.3 74.3]
29524,[678 682],2,15.0,16.5,60.79999999999927,60.79999999999927,75.79999999999927,77.29999999999927,[16.5 13.5],[60.8 60.8],[77.3 74.3]
29525,[678 682],2,15.0,16.5,60.79999999999927,60.79999999999927,75.79999999999927,77.29999999999927,[16.5 13.5],[60.8 60.8],[77.3 74.3]
29526,[678 682],2,15.0,16.5,60.79999999999927,60.79999999999927,75.79999999999927,77.29999999999927,[16.5 13.5],[60.8 60.8],[77.3 74.3]
29527,[678 682],2,15.0,16.5,60.79999999999927,60.79999999999927,75.79999999999927,77.29999999999927,[16.5 13.5],[60.8 60.8],[77.3 74.3]
29528,[678 682],2,15.0,16.5,60.79999999999927,60.79999999999927,75.79999999999927,77.29999999999927,[16.5 13.5],[60.8 60.8],[77.3 74.3]
29529,[678 682],2,15.0,16.5,60.79999999999927,60.79999999999927,75.79999999999927,77.29999999999927,[16.5 13.5],[60.8 60.8],[77.3 74.3]
29530,[678 682],2,15.0,16.5,60.79999999999927,60.79999999999927,75.79999999999927,77.29999999999927,[16.5 13.5],[60.8 60.8],[77.3 74.3]
29531,[678 682],2,15.0,16.5,60.79999999999927,60.79999999999927,75.79999999999927,77.29999999999927,[16.5 13.5],[60.8 60.8],[77.3 74.3]
29532,[678 682],2,15.0,16.5,60.79999999999927,60.79999999999927,75.79999999999927,77.29999999999927,[16.5 13.5],[60.8 60.8],[77.3 74.3]
29533,[678 682],2,15.0,16.5,60.79999999999927,60.79999999999927,75.79999999999927,77.29999999999927,[16.5 13.5],[60.8 60.8],[77.3 74.3]
29534,[],0,0.0,0.0,0.0,0.0,0.0,0.0,[],[],[]
29535,[],0,0.0,0.0,0.0,0.0,0.0,0.0,[],[],[]
29536,[],0,0.0,0.0,0.0,0.0,0.0,0.0,[],[],[]
29537,[],0,0.0,0.0,0.0,0.0,0.0,0.0,[],[],[]
29538,[],0,0.0,0.0,0.0,0.0,0.0,0.0,[],[],[]
29539,[],0,0.0,0.0,0.0,0.0,0.0,0.0,[],[],[]
29540,[],0,0.0,0.0,0.0,0.0,0.0,0.0,[],[],[]
29541,[],0,0.0,0.0,0.0,0.0,0.0,0.0,[],[],[]
29542,[],0,0.0,0.0,0.0,0.0,0.0,0.0,[],[],[]
29543,[],0,0.0,0.0,0.0,0.0,0.0,0.0,[],[],[]
29544,[],0,0.0,0.0,0.0,0.0,0.0,0.0,[],[],[]
29545,[],0,0.0,0.0,0.0,0.0,0.0,0.0,[],[],[]
29546,[],0,0.0,0.0,0.0,0.0,0.0,0.0,[],[],[]
29547,[],0,0.0,0.0,0.0,0.0,0.0,0.0,[],[],[]
29548,[698],1,60.099999999998545,60.099999999998545,53.900000000001455,53.900000000001455,114.0,114.0,[60.1],[53.9],[114.]
29549,[698 700],2,59.599999999998545,60.099999999998545,53.900000000001455,53.900000000001455,113.5,114.0,[60.1 59.1],[53.9 53.9],[114. 113.]
29550,[698 700],2,59.599999999998545,60.099999999998545,53.900000000001455,53.900000000001455,113.5,114.0,[60.1 59.1],[53.9 53.9],[114. 113.]
29551,[698 700],2,59.599999999998545,60.099999999998545,53.900000000001455,53.900000000001455,113.5,114.0,[60.1 59.1],[53.9 53.9],[114. 113.]
29552,[698 700],2,59.599999999998545,60.099999999998545,53.900000000001455,53.900000000001455,113.5,114.0,[60.1 59.1],[53.9 53.9],[114. 113.]
29553,[698 700],2,59.599999999998545,60.099999999998545,53.900000000001455,53.900000000001455,113.5,114.0,[60.1 59.1],[53.9 53.9],[114. 113.]
29554,[698 700],2,59.599999999998545,60.099999999998545,53.900000000001455,53.900000000001455,113.5,114.0,[60.1 59.1],[53.9 53.9],[114. 113.]
29555,[698 700],2,59.599999999998545,60.099999999998545,53.900000000001455,53.900000000001455,113.5,114.0,[60.1 59.1],[53.9 53.9],[114. 113.]
29556,[698 700],2,59.599999999998545,60.099999999998545,53.900000000001455,53.900000000001455,113.5,114.0,[60.1 59.1],[53.9 53.9],[114. 113.]
29557,[698 700],2,59.599999999998545,60.099999999998545,53.900000000001455,53.900000000001455,113.5,114.0,[60.1 59.1],[53.9 53.9],[114. 113.]
29558,[698 700],2,59.599999999998545,60.099999999998545,53.900000000001455,53.900000000001455,113.5,114.0,[60.1 59.1],[53.9 53.9],[114. 113.]
29559,[698 700],2,59.599999999998545,60.099999999998545,53.900000000001455,53.900000000001455,113.5,114.0,[60.1 59.1],[53.9 53.9],[114. 113.]
29560,[698 700],2,59.599999999998545,60.099999999998545,53.900000000001455,53.900000000001455,113.5,114.0,[60.1 59.1],[53.9 53.9],[114. 113.]
29561,[698 700],2,59.599999999998545,60.099999999998545,53.900000000001455,53.900000000001455,113.5,114.0,[60.1 59.1],[53.9 53.9],[114. 113.]
29562,[698 700],2,59.599999999998545,60.099999999998545,53.900000000001455,53.900000000001455,113.5,114.0,[60.1 59.1],[53.9 53.9],[114. 113.]
29563,[698 700],2,59.599999999998545,60.099999999998545,53.900000000001455,53.900000000001455,113.5,114.0,[60.1 59.1],[53.9 53.9],[114. 113.]
29564,[698 700],2,59.599999999998545,60.099999999998545,53.900000000001455,53.900000000001455,113.5,114.0,[60.1 59.1],[53.9 53.9],[114. 113.]
29565,[698 700],2,59.599999999998545,60.099999999998545,53.900000000001455,53.900000000001455,113.5,114.0,[60.1 59.1],[53.9 53.9],[114. 113.]
29566,[698 700],2,59.599999999998545,60.099999999998545,53.900000000001455,53.900000000001455,113.5,114.0,[60.1 59.1],[53.9 53.9],[114. 113.]
29567,[698 700],2,59.599999999998545,60.099999999998545,53.900000000001455,53.900000000001455,113.5,114.0,[60.1 59.1],[53.9 53.9],[114. 113.]
29568,[698 700],2,59.599999999998545,60.099999999998545,53.900000000001455,53.900000000001455,113.5,114.0,[60.1 59.1],[53.9 53.9],[114. 113.]
29569,[698 700],2,59.599999999998545,60.099999999998545,53.900000000001455,53.900000000001455,113.5,114.0,[60.1 59.1],[53.9 53.9],[114. 113.]
29570,[698 700],2,59.599999999998545,60.099999999998545,53.900000000001455,53.900000000001455,113.5,114.0,[60.1 59.1],[53.9 53.9],[114. 113.]
29571,[698 700],2,59.599999999998545,60.099999999998545,53.900000000001455,53.900000000001455,113.5,114.0,[60.1 59.1],[53.9 53.9],[114. 113.]
29572,[698 700],2,59.599999999998545,60.099999999998545,53.900000000001455,53.900000000001455,113.5,114.0,[60.1 59.1],[53.9 53.9],[114. 113.]
29573,[698 700],2,59.599999999998545,60.099999999998545,53.900000000001455,53.900000000001455,113.5,114.0,[60.1 59.1],[53.9 53.9],[114. 113.]
29574,[698 700],2,59.599999999998545,60.099999999998545,53.900000000001455,53.900000000001455,113.5,114.0,[60.1 59.1],[53.9 53.9],[114. 113.]
29575,[698 700],2,59.599999999998545,60.099999999998545,53.900000000001455,53.900000000001455,113.5,114.0,[60.1 59.1],[53.9 53.9],[114. 113.]
29576,[698 700],2,59.599999999998545,60.099999999998545,53.900000000001455,53.900000000001455,113.5,114.0,[60.1 59.1],[53.9 53.9],[114. 113.]
29577,[698 700],2,59.599999999998545,60.099999999998545,53.900000000001455,53.900000000001455,113.5,114.0,[60.1 59.1],[53.9 53.9],[114. 113.]
29578,[698 700],2,59.599999999998545,60.099999999998545,53.900000000001455,53.900000000001455,113.5,114.0,[60.1 59.1],[53.9 53.9],[114. 113.]
29579,[698 700],2,59.599999999998545,60.099999999998545,53.900000000001455,53.900000000001455,113.5,114.0,[60.1 59.1],[53.9 53.9],[114. 113.]
29580,[698 700],2,59.599999999998545,60.099999999998545,53.900000000001455,53.900000000001455,113.5,114.0,[60.1 59.1],[53.9 53.9],[114. 113.]
29581,[698 700],2,59.599999999998545,60.099999999998545,53.900000000001455,53.900000000001455,113.5,114.0,[60.1 59.1],[53.9 53.9],[114. 113.]
29582,[698 700],2,59.599999999998545,60.099999999998545,53.900000000001455,53.900000000001455,113.5,114.0,[60.1 59.1],[53.9 53.9],[114. 113.]
29583,[698 700],2,59.599999999998545,60.099999999998545,53.900000000001455,53.900000000001455,113.5,114.0,[60.1 59.1],[53.9 53.9],[114. 113.]
29584,[698 700],2,59.599999999998545,60.099999999998545,53.900000000001455,53.900000000001455,113.5,114.0,[60.1 59.1],[53.9 53.9],[114. 113.]
29585,[698 700],2,59.599999999998545,60.099999999998545,53.900000000001455,53.900000000001455,113.5,114.0,[60.1 59.1],[53.9 53.9],[114. 113.]
29586,[698 700],2,59.599999999998545,60.099999999998545,53.900000000001455,53.900000000001455,113.5,114.0,[60.1 59.1],[53.9 53.9],[114. 113.]
29587,[698 700 745],3,46.76666666666521,60.099999999998545,53.900000000001455,53.900000000001455,100.66666666666667,114.0,[60.1 59.1 21.1],[53.9 53.9 53.9],[114. 113.  75.]
29588,[698 700 745],3,46.76666666666521,60.099999999998545,53.900000000001455,53.900000000001455,100.66666666666667,114.0,[60.1 59.1 21.1],[53.9 53.9 53.9],[114. 113.  75.]
29589,[698 700 745],3,46.76666666666521,60.099999999998545,53.900000000001455,53.900000000001455,100.66666666666667,114.0,[60.1 59.1 21.1],[53.9 53.9 53.9],[114. 113.  75.]
29590,[698 700 745],3,46.76666666666521,60.099999999998545,53.900000000001455,53.900000000001455,100.66666666666667,114.0,[60.1 59.1 21.1],[53.9 53.9 53.9],[114. 113.  75.]
29591,[698 700 745],3,46.76666666666521,60.099999999998545,53.900000000001455,53.900000000001455,100.66666666666667,114.0,[60.1 59.1 21.1],[53.9 53.9 53.9],[114. 113.  75.]
29592,[698 700 745],3,46.76666666666521,60.099999999998545,53.900000000001455,53.900000000001455,100.66666666666667,114.0,[60.1 59.1 21.1],[53.9 53.9 53.9],[114. 113.  75.]
29593,[698 700 745],3,46.76666666666521,60.099999999998545,53.900000000001455,53.900000000001455,100.66666666666667,114.0,[60.1 59.1 21.1],[53.9 53.9 53.9],[114. 113.  75.]
29594,[698 700 745],3,46.76666666666521,60.099999999998545,53.900000000001455,53.900000000001455,100.66666666666667,114.0,[60.1 59.1 21.1],[53.9 53.9 53.9],[114. 113.  75.]
29595,[698 700 745],3,46.76666666666521,60.099999999998545,53.900000000001455,53.900000000001455,100.66666666666667,114.0,[60.1 59.1 21.1],[53.9 53.9 53.9],[114. 113.  75.]
29596,[698 700 745],3,46.76666666666521,60.099999999998545,53.900000000001455,53.900000000001455,100.66666666666667,114.0,[60.1 59.1 21.1],[53.9 53.9 53.9],[114. 113.  75.]
29597,[698 700 745],3,46.76666666666521,60.099999999998545,53.900000000001455,53.900000000001455,100.66666666666667,114.0,[60.1 59.1 21.1],[53.9 53.9 53.9],[114. 113.  75.]
29598,[698 700 745],3,46.76666666666521,60.099999999998545,53.900000000001455,53.900000000001455,100.66666666666667,114.0,[60.1 59.1 21.1],[53.9 53.9 53.9],[114. 113.  75.]
29599,[698 700 745],3,46.76666666666521,60.099999999998545,53.900000000001455,53.900000000001455,100.66666666666667,114.0,[60.1 59.1 21.1],[53.9 53.9 53.9],[114. 113.  75.]
29600,[698 700 745],3,46.76666666666521,60.099999999998545,53.900000000001455,53.900000000001455,100.66666666666667,114.0,[60.1 59.1 21.1],[53.9 53.9 53.9],[114. 113.  75.]
29601,[698 700 745],3,46.76666666666521,60.099999999998545,53.900000000001455,53.900000000001455,100.66666666666667,114.0,[60.1 59.1 21.1],[53.9 53.9 53.9],[114. 113.  75.]
29602,[698 700 745],3,46.76666666666521,60.099999999998545,53.900000000001455,53.900000000001455,100.66666666666667,114.0,[60.1 59.1 21.1],[53.9 53.9 53.9],[114. 113.  75.]
29603,[698 700 745],3,46.76666666666521,60.099999999998545,53.900000000001455,53.900000000001455,100.66666666666667,114.0,[60.1 59.1 21.1],[53.9 53.9 53.9],[114. 113.  75.]
29604,[698 700 745],3,46.76666666666521,60.099999999998545,53.900000000001455,53.900000000001455,100.66666666666667,114.0,[60.1 59.1 21.1],[53.9 53.9 53.9],[114. 113.  75.]
29605,[698 700 745],3,46.76666666666521,60.099999999998545,53.900000000001455,53.900000000001455,100.66666666666667,114.0,[60.1 59.1 21.1],[53.9 53.9 53.9],[114. 113.  75.]
29606,[698 700 745],3,46.76666666666521,60.099999999998545,53.900000000001455,53.900000000001455,100.66666666666667,114.0,[60.1 59.1 21.1],[53.9 53.9 53.9],[114. 113.  75.]
29607,[698 700 745],3,46.76666666666521,60.099999999998545,53.900000000001455,53.900000000001455,100.66666666666667,114.0,[60.1 59.1 21.1],[53.9 53.9 53.9],[114. 113.  75.]
29608,[698 700 745],3,46.76666666666521,60.099999999998545,53.900000000001455,53.900000000001455,100.66666666666667,114.0,[60.1 59.1 21.1],[53.9 53.9 53.9],[114. 113.  75.]
29609,[],0,0.0,0.0,0.0,0.0,0.0,0.0,[],[],[]
29610,[],0,0.0,0.0,0.0,0.0,0.0,0.0,[],[],[]
29611,[],0,0.0,0.0,0.0,0.0,0.0,0.0,[],[],[]
29612,[],0,0.0,0.0,0.0,0.0,0.0,0.0,[],[],[]
29613,[],0,0.0,0.0,0.0,0.0,0.0,0.0,[],[],[]
29614,[],0,0.0,0.0,0.0,0.0,0.0,0.0,[],[],[]
29615,[],0,0.0,0.0,0.0,0.0,0.0,0.0,[],[],[]
29616,[],0,0.0,0.0,0.0,0.0,0.0,0.0,[],[],[]
29617,[],0,0.0,0.0,0.0,0.0,0.0,0.0,[],[],[]
29618,[],0,0.0,0.0,0.0,0.0,0.0,0.0,[],[],[]
29619,[],0,0.0,0.0,0.0,0.0,0.0,0.0,[],[],[]
29620,[],0,0.0,0.0,0.0,0.0,0.0,0.0,[],[],[]
29621,[],0,0.0,0.0,0.0,0.0,0.0,0.0,[],[],[]
29622,[],0,0.0,0.0,0.0,0.0,0.0,0.0,[],[],[]
29623,[],0,0.0,0.0,0.0,0.0,0.0,0.0,[],[],[]
29624,[],0,0.0,0.0,0.0,0.0,0.0,0.0,[],[],[]
29625,[785],1,48.099999999998545,48.099999999998545,60.60000000000218,60.60000000000218,108.70000000000073,108.70000000000073,[48.1],[60.6],[108.7]
29626,[785],1,48.099999999998545,48.099999999998545,60.60000000000218,60.60000000000218,108.70000000000073,108.70000000000073,[48.1],[60.6],[108.7]
29627,[785],1,48.099999999998545,48.099999999998545,60.60000000000218,60.60000000000218,108.70000000000073,108.70000000000073,[48.1],[60.6],[108.7]
29628,[785],1,48.099999999998545,48.099999999998545,60.60000000000218,60.60000000000218,108.70000000000073,108.70000000000073,[48.1],[60.6],[108.7]
29629,[785],1,48.099999999998545,48.099999999998545,60.60000000000218,60.60000000000218,108.70000000000073,108.70000000000073,[48.1],[60.6],[108.7]
29630,[785],1,48.099999999998545,48.099999999998545,60.60000000000218,60.60000000000218,108.70000000000073,108.70000000000073,[48.1],[60.6],[108.7]
29631,[785],1,48.099999999998545,48.099999999998545,60.60000000000218,60.60000000000218,108.70000000000073,108.70000000000073,[48.1],[60.6],[108.7]
29632,[785],1,48.099999999998545,48.099999999998545,60.60000000000218,60.60000000000218,108.70000000000073,108.70000000000073,[48.1],[60.6],[108.7]
29633,[785],1,48.099999999998545,48.099999999998545,60.60000000000218,60.60000000000218,108.70000000000073,108.70000000000073,[48.1],[60.6],[108.7]
29634,[785],1,48.099999999998545,48.099999999998545,60.60000000000218,60.60000000000218,108.70000000000073,108.70000000000073,[48.1],[60.6],[108.7]
29635,[785],1,48.099999999998545,48.099999999998545,60.60000000000218,60.60000000000218,108.70000000000073,108.70000000000073,[48.1],[60.6],[108.7]
29636,[785],1,48.099999999998545,48.099999999998545,60.60000000000218,60.60000000000218,108.70000000000073,108.70000000000073,[48.1],[60.6],[108.7]
29637,[785],1,48.099999999998545,48.099999999998545,60.60000000000218,60.60000000000218,108.70000000000073,108.70000000000073,[48.1],[60.6],[108.7]
29638,[785],1,48.099999999998545,48.099999999998545,60.60000000000218,60.60000000000218,108.70000000000073,108.70000000000073,[48.1],[60.6],[108.7]
29639,[785],1,48.099999999998545,48.099999999998545,60.60000000000218,60.60000000000218,108.70000000000073,108.70000000000073,[48.1],[60.6],[108.7]
29640,[785],1,48.099999999998545,48.099999999998545,60.60000000000218,60.60000000000218,108.70000000000073,108.70000000000073,[48.1],[60.6],[108.7]
29641,[785 800],2,40.099999999998545,48.099999999998545,60.60000000000218,60.60000000000218,100.70000000000073,108.70000000000073,[48.1 32.1],[60.6 60.6],[108.7  92.7]
29642,[785 800],2,40.099999999998545,48.099999999998545,60.60000000000218,60.60000000000218,100.70000000000073,108.70000000000073,[48.1 32.1],[60.6 60.6],[108.7  92.7]
29643,[785 800],2,40.099999999998545,48.099999999998545,60.60000000000218,60.60000000000218,100.70000000000073,108.70000000000073,[48.1 32.1],[60.6 60.6],[108.7  92.7]
29644,[785 800],2,40.099999999998545,48.099999999998545,60.60000000000218,60.60000000000218,100.70000000000073,108.70000000000073,[48.1 32.1],[60.6 60.6],[108.7  92.7]
29645,[785 800],2,40.099999999998545,48.099999999998545,60.60000000000218,60.60000000000218,100.70000000000073,108.70000000000073,[48.1 32.1],[60.6 60.6],[108.7  92.7]
29646,[785 800],2,40.099999999998545,48.099999999998545,60.60000000000218,60.60000000000218,100.70000000000073,108.70000000000073,[48.1 32.1],[60.6 60.6],[108.7  92.7]
29647,[785 800],2,40.099999999998545,48.099999999998545,60.60000000000218,60.60000000000218,100.70000000000073,108.70000000000073,[48.1 32.1],[60.6 60.6],[108.7  92.7]
29648,[785 800],2,40.099999999998545,48.099999999998545,60.60000000000218,60.60000000000218,100.70000000000073,108.70000000000073,[48.1 32.1],[60.6 60.6],[108.7  92.7]
29649,[785 800],2,40.099999999998545,48.099999999998545,60.60000000000218,60.60000000000218,100.70000000000073,108.70000000000073,[48.1 32.1],[60.6 60.6],[108.7  92.7]
29650,[785 800 810],3,34.43333333333188,48.099999999998545,60.60000000000218,60.60000000000218,95.03333333333406,108.70000000000073,[48.1 32.1 23.1],[60.6 60.6 60.6],[108.7  92.7  83.7]
29651,[785 800 810],3,34.43333333333188,48.099999999998545,60.60000000000218,60.60000000000218,95.03333333333406,108.70000000000073,[48.1 32.1 23.1],[60.6 60.6 60.6],[108.7  92.7  83.7]
29652,[785 800 810],3,34.43333333333188,48.099999999998545,60.60000000000218,60.60000000000218,95.03333333333406,108.70000000000073,[48.1 32.1 23.1],[60.6 60.6 60.6],[108.7  92.7  83.7]
29653,[785 800 810],3,34.43333333333188,48.099999999998545,60.60000000000218,60.60000000000218,95.03333333333406,108.70000000000073,[48.1 32.1 23.1],[60.6 60.6 60.6],[108.7  92.7  83.7]
29654,[785 800 810],3,34.43333333333188,48.099999999998545,60.60000000000218,60.60000000000218,95.03333333333406,108.70000000000073,[48.1 32.1 23.1],[60.6 60.6 60.6],[108.7  92.7  83.7]
29655,[785 800 810],3,34.43333333333188,48.099999999998545,60.60000000000218,60.60000000000218,95.03333333333406,108.70000000000073,[48.1 32.1 23.1],[60.6 60.6 60.6],[108.7  92.7  83.7]
29656,[785 800 810],3,34.43333333333188,48.099999999998545,60.60000000000218,60.60000000000218,95.03333333333406,108.70000000000073,[48.1 32.1 23.1],[60.6 60.6 60.6],[108.7  92.7  83.7]
29657,[785 800 810],3,34.43333333333188,48.099999999998545,60.60000000000218,60.60000000000218,95.03333333333406,108.70000000000073,[48.1 32.1 23.1],[60.6 60.6 60.6],[108.7  92.7  83.7]
29658,[785 800 810],3,34.43333333333188,48.099999999998545,60.60000000000218,60.60000000000218,95.03333333333406,108.70000000000073,[48.1 32.1 23.1],[60.6 60.6 60.6],[108.7  92.7  83.7]
29659,[785 800 810],3,34.43333333333188,48.099999999998545,60.60000000000218,60.60000000000218,95.03333333333406,108.70000000000073,[48.1 32.1 23.1],[60.6 60.6 60.6],[108.7  92.7  83.7]
29660,[785 800 810],3,34.43333333333188,48.099999999998545,60.60000000000218,60.60000000000218,95.03333333333406,108.70000000000073,[48.1 32.1 23.1],[60.6 60.6 60.6],[108.7  92.7  83.7]
29661,[785 800 810],3,34.43333333333188,48.099999999998545,60.60000000000218,60.60000000000218,95.03333333333406,108.70000000000073,[48.1 32.1 23.1],[60.6 60.6 60.6],[108.7  92.7  83.7]
29662,[785 800 810],3,34.43333333333188,48.099999999998545,60.60000000000218,60.60000000000218,95.03333333333406,108.70000000000073,[48.1 32.1 23.1],[60.6 60.6 60.6],[108.7  92.7  83.7]
29663,[785 800 810],3,34.43333333333188,48.099999999998545,60.60000000000218,60.60000000000218,95.03333333333406,108.70000000000073,[48.1 32.1 23.1],[60.6 60.6 60.6],[108.7  92.7  83.7]
29664,[785 800 810],3,34.43333333333188,48.099999999998545,60.60000000000218,60.60000000000218,95.03333333333406,108.70000000000073,[48.1 32.1 23.1],[60.6 60.6 60.6],[108.7  92.7  83.7]
29665,[785 800 810],3,34.43333333333188,48.099999999998545,60.60000000000218,60.60000000000218,95.03333333333406,108.70000000000073,[48.1 32.1 23.1],[60.6 60.6 60.6],[108.7  92.7  83.7]
29666,[785 800 810],3,34.43333333333188,48.099999999998545,60.60000000000218,60.60000000000218,95.03333333333406,108.70000000000073,[48.1 32.1 23.1],[60.6 60.6 60.6],[108.7  92.7  83.7]
29667,[785 800 810],3,34.43333333333188,48.099999999998545,60.60000000000218,60.60000000000218,95.03333333333406,108.70000000000073,[48.1 32.1 23.1],[60.6 60.6 60.6],[108.7  92.7  83.7]
29668,[785 800 810],3,34.43333333333188,48.099999999998545,60.60000000000218,60.60000000000218,95.03333333333406,108.70000000000073,[48.1 32.1 23.1],[60.6 60.6 60.6],[108.7  92.7  83.7]
29669,[785 800 810],3,34.43333333333188,48.099999999998545,60.60000000000218,60.60000000000218,95.03333333333406,108.70000000000073,[48.1 32.1 23.1],[60.6 60.6 60.6],[108.7  92.7  83.7]
29670,[785 800 810],3,34.43333333333188,48.099999999998545,60.60000000000218,60.60000000000218,95.03333333333406,108.70000000000073,[48.1 32.1 23.1],[60.6 60.6 60.6],[108.7  92.7  83.7]
29671,[785 800 810],3,34.43333333333188,48.099999999998545,60.60000000000218,60.60000000000218,95.03333333333406,108.70000000000073,[48.1 32.1 23.1],[60.6 60.6 60.6],[108.7  92.7  83.7]
29672,[785 800 810],3,34.43333333333188,48.099999999998545,60.60000000000218,60.60000000000218,95.03333333333406,108.70000000000073,[48.1 32.1 23.1],[60.6 60.6 60.6],[108.7  92.7  83.7]
29673,[785 800 810],3,34.43333333333188,48.099999999998545,60.60000000000218,60.60000000000218,95.03333333333406,108.70000000000073,[48.1 32.1 23.1],[60.6 60.6 60.6],[108.7  92.7  83.7]
29674,[],0,0.0,0.0,0.0,0.0,0.0,0.0,[],[],[]
29675,[],0,0.0,0.0,0.0,0.0,0.0,0.0,[],[],[]
29676,[],0,0.0,0.0,0.0,0.0,0.0,0.0,[],[],[]
29677,[],0,0.0,0.0,0.0,0.0,0.0,0.0,[],[],[]
29678,[],0,0.0,0.0,0.0,0.0,0.0,0.0,[],[],[]
29679,[],0,0.0,0.0,0.0,0.0,0.0,0.0,[],[],[]
29680,[],0,0.0,0.0,0.0,0.0,0.0,0.0,[],[],[]
29681,[],0,0.0,0.0,0.0,0.0,0.0,0.0,[],[],[]
29682,[],0,0.0,0.0,0.0,0.0,0.0,0.0,[],[],[]
29683,[],0,0.0,0.0,0.0,0.0,0.0,0.0,[],[],[]
29684,[],0,0.0,0.0,0.0,0.0,0.0,0.0,[],[],[]
29685,[834],1,27.599999999998545,27.599999999998545,76.70000000000073,76.70000000000073,104.29999999999927,104.29999999999927,[27.6],[76.7],[104.3]
29686,[834],1,27.599999999998545,27.599999999998545,76.70000000000073,76.70000000000073,104.29999999999927,104.29999999999927,[27.6],[76.7],[104.3]
29687,[834],1,27.599999999998545,27.599999999998545,76.70000000000073,76.70000000000073,104.29999999999927,104.29999999999927,[27.6],[76.7],[104.3]
29688,[834],1,27.599999999998545,27.599999999998545,76.70000000000073,76.70000000000073,104.29999999999927,104.29999999999927,[27.6],[76.7],[104.3]
29689,[834],1,27.599999999998545,27.599999999998545,76.70000000000073,76.70000000000073,104.29999999999927,104.29999999999927,[27.6],[76.7],[104.3]
29690,[834],1,27.599999999998545,27.599999999998545,76.70000000000073,76.70000000000073,104.29999999999927,104.29999999999927,[27.6],[76.7],[104.3]
29691,[834],1,27.599999999998545,27.599999999998545,76.70000000000073,76.70000000000073,104.29999999999927,104.29999999999927,[27.6],[76.7],[104.3]
29692,[834],1,27.599999999998545,27.599999999998545,76.70000000000073,76.70000000000073,104.29999999999927,104.29999999999927,[27.6],[76.7],[104.3]
29693,[834],1,27.599999999998545,27.599999999998545,76.70000000000073,76.70000000000073,104.29999999999927,104.29999999999927,[27.6],[76.7],[104.3]
29694,[834],1,27.599999999998545,27.599999999998545,76.70000000000073,76.70000000000073,104.29999999999927,104.29999999999927,[27.6],[76.7],[104.3]
29695,[834],1,27.599999999998545,27.599999999998545,76.70000000000073,76.70000000000073,104.29999999999927,104.29999999999927,[27.6],[76.7],[104.3]
29696,[834],1,27.599999999998545,27.599999999998545,76.70000000000073,76.70000000000073,104.29999999999927,104.29999999999927,[27.6],[76.7],[104.3]
29697,[834],1,27.599999999998545,27.599999999998545,76.70000000000073,76.70000000000073,104.29999999999927,104.29999999999927,[27.6],[76.7],[104.3]
29698,[834],1,27.599999999998545,27.599999999998545,76.70000000000073,76.70000000000073,104.29999999999927,104.29999999999927,[27.6],[76.7],[104.3]
29699,[834],1,27.599999999998545,27.599999999998545,76.70000000000073,76.70000000000073,104.29999999999927,104.29999999999927,[27.6],[76.7],[104.3]
29700,[834],1,27.599999999998545,27.599999999998545,76.70000000000073,76.70000000000073,104.29999999999927,104.29999999999927,[27.6],[76.7],[104.3]
29701,[834],1,27.599999999998545,27.599999999998545,76.70000000000073,76.70000000000073,104.29999999999927,104.29999999999927,[27.6],[76.7],[104.3]
29702,[834],1,27.599999999998545,27.599999999998545,76.70000000000073,76.70000000000073,104.29999999999927,104.29999999999927,[27.6],[76.7],[104.3]
29703,[834],1,27.599999999998545,27.599999999998545,76.70000000000073,76.70000000000073,104.29999999999927,104.29999999999927,[27.6],[76.7],[104.3]
29704,[834],1,27.599999999998545,27.599999999998545,76.70000000000073,76.70000000000073,104.29999999999927,104.29999999999927,[27.6],[76.7],[104.3]
29705,[834],1,27.599999999998545,27.599999999998545,76.70000000000073,76.70000000000073,104.29999999999927,104.29999999999927,[27.6],[76.7],[104.3]
29706,[834],1,27.599999999998545,27.599999999998545,76.70000000000073,76.70000000000073,104.29999999999927,104.29999999999927,[27.6],[76.7],[104.3]
29707,[834],1,27.599999999998545,27.599999999998545,76.70000000000073,76.70000000000073,104.29999999999927,104.29999999999927,[27.6],[76.7],[104.3]
29708,[834],1,27.599999999998545,27.599999999998545,76.70000000000073,76.70000000000073,104.29999999999927,104.29999999999927,[27.6],[76.7],[104.3]
29709,[834 862],2,58.25,88.90000000000146,49.25,76.70000000000073,107.5,110.70000000000073,[27.6 88.9],[76.7 21.8],[104.3 110.7]
29710,[834 862],2,58.25,88.90000000000146,49.25,76.70000000000073,107.5,110.70000000000073,[27.6 88.9],[76.7 21.8],[104.3 110.7]
29711,[834 862],2,58.25,88.90000000000146,49.25,76.70000000000073,107.5,110.70000000000073,[27.6 88.9],[76.7 21.8],[104.3 110.7]
29712,[834 862],2,58.25,88.90000000000146,49.25,76.70000000000073,107.5,110.70000000000073,[27.6 88.9],[76.7 21.8],[104.3 110.7]
29713,[862],1,88.90000000000146,88.90000000000146,21.799999999999272,21.799999999999272,110.70000000000073,110.70000000000073,[88.9],[21.8],[110.7]
29714,[862],1,88.90000000000146,88.90000000000146,21.799999999999272,21.799999999999272,110.70000000000073,110.70000000000073,[88.9],[21.8],[110.7]
29715,[862],1,88.90000000000146,88.90000000000146,21.799999999999272,21.799999999999272,110.70000000000073,110.70000000000073,[88.9],[21.8],[110.7]
29716,[862],1,88.90000000000146,88.90000000000146,21.799999999999272,21.799999999999272,110.70000000000073,110.70000000000073,[88.9],[21.8],[110.7]
29717,[862],1,88.90000000000146,88.90000000000146,21.799999999999272,21.799999999999272,110.70000000000073,110.70000000000073,[88.9],[21.8],[110.7]
29718,[862],1,88.90000000000146,88.90000000000146,21.799999999999272,21.799999999999272,110.70000000000073,110.70000000000073,[88.9],[21.8],[110.7]
29719,[862],1,88.90000000000146,88.90000000000146,21.799999999999272,21.799999999999272,110.70000000000073,110.70000000000073,[88.9],[21.8],[110.7]
29720,[862],1,88.90000000000146,88.90000000000146,21.799999999999272,21.799999999999272,110.70000000000073,110.70000000000073,[88.9],[21.8],[110.7]
29721,[862],1,88.90000000000146,88.90000000000146,21.799999999999272,21.799999999999272,110.70000000000073,110.70000000000073,[88.9],[21.8],[110.7]
29722,[862],1,88.90000000000146,88.90000000000146,21.799999999999272,21.799999999999272,110.70000000000073,110.70000000000073,[88.9],[21.8],[110.7]
29723,[862],1,88.90000000000146,88.90000000000146,21.799999999999272,21.799999999999272,110.70000000000073,110.70000000000073,[88.9],[21.8],[110.7]
29724,[862],1,88.90000000000146,88.90000000000146,21.799999999999272,21.799999999999272,110.70000000000073,110.70000000000073,[88.9],[21.8],[110.7]
29725,[862],1,88.90000000000146,88.90000000000146,21.799999999999272,21.799999999999272,110.70000000000073,110.70000000000073,[88.9],[21.8],[110.7]
29726,[862],1,88.90000000000146,88.90000000000146,21.799999999999272,21.799999999999272,110.70000000000073,110.70000000000073,[88.9],[21.8],[110.7]
29727,[862],1,88.90000000000146,88.90000000000146,21.799999999999272,21.799999999999272,110.70000000000073,110.70000000000073,[88.9],[21.8],[110.7]
29728,[862],1,88.90000000000146,88.90000000000146,21.799999999999272,21.799999999999272,110.70000000000073,110.70000000000073,[88.9],[21.8],[110.7]
29729,[862],1,88.90000000000146,88.90000000000146,21.799999999999272,21.799999999999272,110.70000000000073,110.70000000000073,[88.9],[21.8],[110.7]
29730,[862],1,88.90000000000146,88.90000000000146,21.799999999999272,21.799999999999272,110.70000000000073,110.70000000000073,[88.9],[21.8],[110.7]
29731,[862],1,88.90000000000146,88.90000000000146,21.799999999999272,21.799999999999272,110.70000000000073,110.70000000000073,[88.9],[21.8],[110.7]
29732,[862],1,88.90000000000146,88.90000000000146,21.799999999999272,21.799999999999272,110.70000000000073,110.70000000000073,[88.9],[21.8],[110.7]
29733,[862 883],2,76.90000000000146,88.90000000000146,40.54999999999927,59.29999999999927,117.45000000000073,124.20000000000073,[88.9 64.9],[21.8 59.3],[110.7 124.2]
29734,[862 883],2,76.90000000000146,88.90000000000146,40.54999999999927,59.29999999999927,117.45000000000073,124.20000000000073,[88.9 64.9],[21.8 59.3],[110.7 124.2]
29735,[862 883],2,76.90000000000146,88.90000000000146,40.54999999999927,59.29999999999927,117.45000000000073,124.20000000000073,[88.9 64.9],[21.8 59.3],[110.7 124.2]
29736,[862 883],2,76.90000000000146,88.90000000000146,40.54999999999927,59.29999999999927,117.45000000000073,124.20000000000073,[88.9 64.9],[21.8 59.3],[110.7 124.2]
29737,[862 883],2,76.90000000000146,88.90000000000146,40.54999999999927,59.29999999999927,117.45000000000073,124.20000000000073,[88.9 64.9],[21.8 59.3],[110.7 124.2]
29738,[862 883],2,76.90000000000146,88.90000000000146,40.54999999999927,59.29999999999927,117.45000000000073,124.20000000000073,[88.9 64.9],[21.8 59.3],[110.7 124.2]
29739,[862 883],2,76.90000000000146,88.90000000000146,40.54999999999927,59.29999999999927,117.45000000000073,124.20000000000073,[88.9 64.9],[21.8 59.3],[110.7 124.2]
29740,[862 883],2,76.90000000000146,88.90000000000146,40.54999999999927,59.29999999999927,117.45000000000073,124.20000000000073,[88.9 64.9],[21.8 59.3],[110.7 124.2]
29741,[862 883],2,76.90000000000146,88.90000000000146,40.54999999999927,59.29999999999927,117.45000000000073,124.20000000000073,[88.9 64.9],[21.8 59.3],[110.7 124.2]
29742,[862 883 890],3,69.90000000000146,88.90000000000146,46.79999999999927,59.29999999999927,116.70000000000073,124.20000000000073,[88.9 64.9 55.9],[21.8 59.3 59.3],[110.7 124.2 115.2]
29743,[862 883 890],3,69.90000000000146,88.90000000000146,46.79999999999927,59.29999999999927,116.70000000000073,124.20000000000073,[88.9 64.9 55.9],[21.8 59.3 59.3],[110.7 124.2 115.2]
29744,[862 883 890],3,69.90000000000146,88.90000000000146,46.79999999999927,59.29999999999927,116.70000000000073,124.20000000000073,[88.9 64.9 55.9],[21.8 59.3 59.3],[110.7 124.2 115.2]
29745,[862 883 890],3,69.90000000000146,88.90000000000146,46.79999999999927,59.29999999999927,116.70000000000073,124.20000000000073,[88.9 64.9 55.9],[21.8 59.3 59.3],[110.7 124.2 115.2]
29746,[862 883 890],3,69.90000000000146,88.90000000000146,46.79999999999927,59.29999999999927,116.70000000000073,124.20000000000073,[88.9 64.9 55.9],[21.8 59.3 59.3],[110.7 124.2 115.2]
29747,[862 883 890],3,69.90000000000146,88.90000000000146,46.79999999999927,59.29999999999927,116.70000000000073,124.20000000000073,[88.9 64.9 55.9],[21.8 59.3 59.3],[110.7 124.2 115.2]
29748,[862 883 890],3,69.90000000000146,88.90000000000146,46.79999999999927,59.29999999999927,116.70000000000073,124.20000000000073,[88.9 64.9 55.9],[21.8 59.3 59.3],[110.7 124.2 115.2]
29749,[862 883 890],3,69.90000000000146,88.90000000000146,46.79999999999927,59.29999999999927,116.70000000000073,124.20000000000073,[88.9 64.9 55.9],[21.8 59.3 59.3],[110.7 124.2 115.2]
29750,[862 883 890],3,69.90000000000146,88.90000000000146,46.79999999999927,59.29999999999927,116.70000000000073,124.20000000000073,[88.9 64.9 55.9],[21.8 59.3 59.3],[110.7 124.2 115.2]
29751,[862 883 890],3,69.90000000000146,88.90000000000146,46.79999999999927,59.29999999999927,116.70000000000073,124.20000000000073,[88.9 64.9 55.9],[21.8 59.3 59.3],[110.7 124.2 115.2]
29752,[862 883 890],3,69.90000000000146,88.90000000000146,46.79999999999927,59.29999999999927,116.70000000000073,124.20000000000073,[88.9 64.9 55.9],[21.8 59.3 59.3],[110.7 124.2 115.2]
29753,[862 883 890],3,69.90000000000146,88.90000000000146,46.79999999999927,59.29999999999927,116.70000000000073,124.20000000000073,[88.9 64.9 55.9],[21.8 59.3 59.3],[110.7 124.2 115.2]
29754,[862 883 890],3,69.90000000000146,88.90000000000146,46.79999999999927,59.29999999999927,116.70000000000073,124.20000000000073,[88.9 64.9 55.9],[21.8 59.3 59.3],[110.7 124.2 115.2]
29755,[862 883 890],3,69.90000000000146,88.90000000000146,46.79999999999927,59.29999999999927,116.70000000000073,124.20000000000073,[88.9 64.9 55.9],[21.8 59.3 59.3],[110.7 124.2 115.2]
29756,[862 883 890],3,69.90000000000146,88.90000000000146,46.79999999999927,59.29999999999927,116.70000000000073,124.20000000000073,[88.9 64.9 55.9],[21.8 59.3 59.3],[110.7 124.2 115.2]
29757,[862 883 890],3,69.90000000000146,88.90000000000146,46.79999999999927,59.29999999999927,116.70000000000073,124.20000000000073,[88.9 64.9 55.9],[21.8 59.3 59.3],[110.7 124.2 115.2]
29758,[862 883 890],3,69.90000000000146,88.90000000000146,46.79999999999927,59.29999999999927,116.70000000000073,124.20000000000073,[88.9 64.9 55.9],[21.8 59.3 59.3],[110.7 124.2 115.2]
29759,[862 883 890],3,69.90000000000146,88.90000000000146,46.79999999999927,59.29999999999927,116.70000000000073,124.20000000000073,[88.9 64.9 55.9],[21.8 59.3 59.3],[110.7 124.2 115.2]
29760,[862 883 890],3,69.90000000000146,88.90000000000146,46.79999999999927,59.29999999999927,116.70000000000073,124.20000000000073,[88.9 64.9 55.9],[21.8 59.3 59.3],[110.7 124.2 115.2]
29761,[862 883 890],3,69.90000000000146,88.90000000000146,46.79999999999927,59.29999999999927,116.70000000000073,124.20000000000073,[88.9 64.9 55.9],[21.8 59.3 59.3],[110.7 124.2 115.2]
29762,[862 883 890],3,69.90000000000146,88.90000000000146,46.79999999999927,59.29999999999927,116.70000000000073,124.20000000000073,[88.9 64.9 55.9],[21.8 59.3 59.3],[110.7 124.2 115.2]
29763,[862 883 890],3,69.90000000000146,88.90000000000146,46.79999999999927,59.29999999999927,116.70000000000073,124.20000000000073,[88.9 64.9 55.9],[21.8 59.3 59.3],[110.7 124.2 115.2]
29764,[862 883 890],3,69.90000000000146,88.90000000000146,46.79999999999927,59.29999999999927,116.70000000000073,124.20000000000073,[88.9 64.9 55.9],[21.8 59.3 59.3],[110.7 124.2 115.2]
29765,[862 883 890],3,69.90000000000146,88.90000000000146,46.79999999999927,59.29999999999927,116.70000000000073,124.20000000000073,[88.9 64.9 55.9],[21.8 59.3 59.3],[110.7 124.2 115.2]
29766,[862 883 890],3,69.90000000000146,88.90000000000146,46.79999999999927,59.29999999999927,116.70000000000073,124.20000000000073,[88.9 64.9 55.9],[21.8 59.3 59.3],[110.7 124.2 115.2]
29767,[862 883 890],3,69.90000000000146,88.90000000000146,46.79999999999927,59.29999999999927,116.70000000000073,124.20000000000073,[88.9 64.9 55.9],[21.8 59.3 59.3],[110.7 124.2 115.2]
29768,[862 883 890],3,69.90000000000146,88.90000000000146,46.79999999999927,59.29999999999927,116.70000000000073,124.20000000000073,[88.9 64.9 55.9],[21.8 59.3 59.3],[110.7 124.2 115.2]
29769,[862 883 890],3,69.90000000000146,88.90000000000146,46.79999999999927,59.29999999999927,116.70000000000073,124.20000000000073,[88.9 64.9 55.9],[21.8 59.3 59.3],[110.7 124.2 115.2]
29770,[862 883 890],3,69.90000000000146,88.90000000000146,46.79999999999927,59.29999999999927,116.70000000000073,124.20000000000073,[88.9 64.9 55.9],[21.8 59.3 59.3],[110.7 124.2 115.2]
29771,[862 883 890 924],4,59.150000000001455,88.90000000000146,49.92499999999927,59.29999999999927,109.07500000000073,124.20000000000073,[88.9 64.9 55.9 26.9],[21.8 59.3 59.3 59.3],[110.7 124.2 115.2  86.2]
29772,[862 883 890 924],4,59.150000000001455,88.90000000000146,49.92499999999927,59.29999999999927,109.07500000000073,124.20000000000073,[88.9 64.9 55.9 26.9],[21.8 59.3 59.3 59.3],[110.7 124.2 115.2  86.2]
29773,[862 883 890 924],4,59.150000000001455,88.90000000000146,49.92499999999927,59.29999999999927,109.07500000000073,124.20000000000073,[88.9 64.9 55.9 26.9],[21.8 59.3 59.3 59.3],[110.7 124.2 115.2  86.2]
29774,[862 883 890 924],4,59.150000000001455,88.90000000000146,49.92499999999927,59.29999999999927,109.07500000000073,124.20000000000073,[88.9 64.9 55.9 26.9],[21.8 59.3 59.3 59.3],[110.7 124.2 115.2  86.2]
29775,[862 883 890 924],4,59.150000000001455,88.90000000000146,49.92499999999927,59.29999999999927,109.07500000000073,124.20000000000073,[88.9 64.9 55.9 26.9],[21.8 59.3 59.3 59.3],[110.7 124.2 115.2  86.2]
29776,[862 883 890 924 928],5,51.70000000000145,88.90000000000146,51.79999999999927,59.29999999999927,103.50000000000072,124.20000000000073,[88.9 64.9 55.9 26.9 21.9],[21.8 59.3 59.3 59.3 59.3],[110.7 124.2 115.2  86.2  81.2]
29777,[862 883 890 924 928],5,51.70000000000145,88.90000000000146,51.79999999999927,59.29999999999927,103.50000000000072,124.20000000000073,[88.9 64.9 55.9 26.9 21.9],[21.8 59.3 59.3 59.3 59.3],[110.7 124.2 115.2  86.2  81.2]
29778,[862 883 890 924 928],5,51.70000000000145,88.90000000000146,51.79999999999927,59.29999999999927,103.50000000000072,124.20000000000073,[88.9 64.9 55.9 26.9 21.9],[21.8 59.3 59.3 59.3 59.3],[110.7 124.2 115.2  86.2  81.2]
29779,[862 883 890 924 928],5,51.70000000000145,88.90000000000146,51.79999999999927,59.29999999999927,103.50000000000072,124.20000000000073,[88.9 64.9 55.9 26.9 21.9],[21.8 59.3 59.3 59.3 59.3],[110.7 124.2 115.2  86.2  81.2]
29780,[862 883 890 924 928],5,51.70000000000145,88.90000000000146,51.79999999999927,59.29999999999927,103.50000000000072,124.20000000000073,[88.9 64.9 55.9 26.9 21.9],[21.8 59.3 59.3 59.3 59.3],[110.7 124.2 115.2  86.2  81.2]
29781,[862 883 890 924 928],5,51.70000000000145,88.90000000000146,51.79999999999927,59.29999999999927,103.50000000000072,124.20000000000073,[88.9 64.9 55.9 26.9 21.9],[21.8 59.3 59.3 59.3 59.3],[110.7 124.2 115.2  86.2  81.2]
29782,[862 883 890 924 928],5,51.70000000000145,88.90000000000146,51.79999999999927,59.29999999999927,103.50000000000072,124.20000000000073,[88.9 64.9 55.9 26.9 21.9],[21.8 59.3 59.3 59.3 59.3],[110.7 124.2 115.2  86.2  81.2]
29783,[862 883 890 924 928],5,51.70000000000145,88.90000000000146,51.79999999999927,59.29999999999927,103.50000000000072,124.20000000000073,[88.9 64.9 55.9 26.9 21.9],[21.8 59.3 59.3 59.3 59.3],[110.7 124.2 115.2  86.2  81.2]
29784,[862 883 890 924 928],5,51.70000000000145,88.90000000000146,51.79999999999927,59.29999999999927,103.50000000000072,124.20000000000073,[88.9 64.9 55.9 26.9 21.9],[21.8 59.3 59.3 59.3 59.3],[110.7 124.2 115.2  86.2  81.2]
29785,[862 883 890 924 928],5,51.70000000000145,88.90000000000146,51.79999999999927,59.29999999999927,103.50000000000072,124.20000000000073,[88.9 64.9 55.9 26.9 21.9],[21.8 59.3 59.3 59.3 59.3],[110.7 124.2 115.2  86.2  81.2]
29786,[862 883 890 924 928],5,51.70000000000145,88.90000000000146,51.79999999999927,59.29999999999927,103.50000000000072,124.20000000000073,[88.9 64.9 55.9 26.9 21.9],[21.8 59.3 59.3 59.3 59.3],[110.7 124.2 115.2  86.2  81.2]
29787,[862 883 890 924 928 941],6,55.9333333333343,88.90000000000146,58.049999999999876,89.30000000000291,113.98333333333419,166.40000000000146,[88.9 64.9 55.9 26.9 21.9 77.1],[21.8 59.3 59.3 59.3 59.3 89.3],[110.7 124.2 115.2  86.2  81.2 166.4]
29788,[862 883 890 924 928 941],6,55.9333333333343,88.90000000000146,58.049999999999876,89.30000000000291,113.98333333333419,166.40000000000146,[88.9 64.9 55.9 26.9 21.9 77.1],[21.8 59.3 59.3 59.3 59.3 89.3],[110.7 124.2 115.2  86.2  81.2 166.4]
29789,[862 883 890 924 928 941],6,55.9333333333343,88.90000000000146,58.049999999999876,89.30000000000291,113.98333333333419,166.40000000000146,[88.9 64.9 55.9 26.9 21.9 77.1],[21.8 59.3 59.3 59.3 59.3 89.3],[110.7 124.2 115.2  86.2  81.2 166.4]
29790,[862 883 890 924 928 941],6,55.9333333333343,88.90000000000146,58.049999999999876,89.30000000000291,113.98333333333419,166.40000000000146,[88.9 64.9 55.9 26.9 21.9 77.1],[21.8 59.3 59.3 59.3 59.3 89.3],[110.7 124.2 115.2  86.2  81.2 166.4]
29791,[862 883 890 924 928 941],6,55.9333333333343,88.90000000000146,58.049999999999876,89.30000000000291,113.98333333333419,166.40000000000146,[88.9 64.9 55.9 26.9 21.9 77.1],[21.8 59.3 59.3 59.3 59.3 89.3],[110.7 124.2 115.2  86.2  81.2 166.4]
29792,[862 883 890 924 928 941 948],7,48.78571428571532,88.90000000000146,58.22857142857122,89.30000000000291,107.01428571428654,166.40000000000146,[88.9 64.9 55.9 26.9 21.9 77.1  5.9],[21.8 59.3 59.3 59.3 59.3 89.3 59.3],[110.7 124.2 115.2  86.2  81.2 166.4  65.2]
29793,[862 883 890 924 928 941 948],7,48.78571428571532,88.90000000000146,58.22857142857122,89.30000000000291,107.01428571428654,166.40000000000146,[88.9 64.9 55.9 26.9 21.9 77.1  5.9],[21.8 59.3 59.3 59.3 59.3 89.3 59.3],[110.7 124.2 115.2  86.2  81.2 166.4  65.2]
29794,[862 883 890 924 928 941 948],7,48.78571428571532,88.90000000000146,58.22857142857122,89.30000000000291,107.01428571428654,166.40000000000146,[88.9 64.9 55.9 26.9 21.9 77.1  5.9],[21.8 59.3 59.3 59.3 59.3 89.3 59.3],[110.7 124.2 115.2  86.2  81.2 166.4  65.2]
29795,[862 883 890 924 928 941 948],7,48.78571428571532,88.90000000000146,58.22857142857122,89.30000000000291,107.01428571428654,166.40000000000146,[88.9 64.9 55.9 26.9 21.9 77.1  5.9],[21.8 59.3 59.3 59.3 59.3 89.3 59.3],[110.7 124.2 115.2  86.2  81.2 166.4  65.2]
29796,[862 883 890 924 928 941 948],7,48.78571428571532,88.90000000000146,58.22857142857122,89.30000000000291,107.01428571428654,166.40000000000146,[88.9 64.9 55.9 26.9 21.9 77.1  5.9],[21.8 59.3 59.3 59.3 59.3 89.3 59.3],[110.7 124.2 115.2  86.2  81.2 166.4  65.2]
29797,[862 883 890 924 928 941 948],7,48.78571428571532,88.90000000000146,58.22857142857122,89.30000000000291,107.01428571428654,166.40000000000146,[88.9 64.9 55.9 26.9 21.9 77.1  5.9],[21.8 59.3 59.3 59.3 59.3 89.3 59.3],[110.7 124.2 115.2  86.2  81.2 166.4  65.2]
29798,[941],1,77.09999999999854,77.09999999999854,89.30000000000291,89.30000000000291,166.40000000000146,166.40000000000146,[77.1],[89.3],[166.4]
29799,[941],1,77.09999999999854,77.09999999999854,89.30000000000291,89.30000000000291,166.40000000000146,166.40000000000146,[77.1],[89.3],[166.4]
29800,[941],1,77.09999999999854,77.09999999999854,89.30000000000291,89.30000000000291,166.40000000000146,166.40000000000146,[77.1],[89.3],[166.4]
29801,[941],1,77.09999999999854,77.09999999999854,89.30000000000291,89.30000000000291,166.40000000000146,166.40000000000146,[77.1],[89.3],[166.4]
29802,[941],1,77.09999999999854,77.09999999999854,89.30000000000291,89.30000000000291,166.40000000000146,166.40000000000146,[77.1],[89.3],[166.4]
29803,[941],1,77.09999999999854,77.09999999999854,89.30000000000291,89.30000000000291,166.40000000000146,166.40000000000146,[77.1],[89.3],[166.4]
29804,[941],1,77.09999999999854,77.09999999999854,89.30000000000291,89.30000000000291,166.40000000000146,166.40000000000146,[77.1],[89.3],[166.4]
29805,[941 953],2,38.54999999999927,77.09999999999854,70.75000000000182,89.30000000000291,109.30000000000109,166.40000000000146,[77.1  0. ],[89.3 52.2],[166.4  52.2]
29806,[941],1,77.09999999999854,77.09999999999854,89.30000000000291,89.30000000000291,166.40000000000146,166.40000000000146,[77.1],[89.3],[166.4]
29807,[941],1,77.09999999999854,77.09999999999854,89.30000000000291,89.30000000000291,166.40000000000146,166.40000000000146,[77.1],[89.3],[166.4]
29808,[941],1,77.09999999999854,77.09999999999854,89.30000000000291,89.30000000000291,166.40000000000146,166.40000000000146,[77.1],[89.3],[166.4]
29809,[941],1,77.09999999999854,77.09999999999854,89.30000000000291,89.30000000000291,166.40000000000146,166.40000000000146,[77.1],[89.3],[166.4]
29810,[941],1,77.09999999999854,77.09999999999854,89.30000000000291,89.30000000000291,166.40000000000146,166.40000000000146,[77.1],[89.3],[166.4]
29811,[941],1,77.09999999999854,77.09999999999854,89.30000000000291,89.30000000000291,166.40000000000146,166.40000000000146,[77.1],[89.3],[166.4]
29812,[941],1,77.09999999999854,77.09999999999854,89.30000000000291,89.30000000000291,166.40000000000146,166.40000000000146,[77.1],[89.3],[166.4]
29813,[941],1,77.09999999999854,77.09999999999854,89.30000000000291,89.30000000000291,166.40000000000146,166.40000000000146,[77.1],[89.3],[166.4]
29814,[941],1,77.09999999999854,77.09999999999854,89.30000000000291,89.30000000000291,166.40000000000146,166.40000000000146,[77.1],[89.3],[166.4]
29815,[941],1,77.09999999999854,77.09999999999854,89.30000000000291,89.30000000000291,166.40000000000146,166.40000000000146,[77.1],[89.3],[166.4]
29816,[941],1,77.09999999999854,77.09999999999854,89.30000000000291,89.30000000000291,166.40000000000146,166.40000000000146,[77.1],[89.3],[166.4]
29817,[941],1,77.09999999999854,77.09999999999854,89.30000000000291,89.30000000000291,166.40000000000146,166.40000000000146,[77.1],[89.3],[166.4]
29818,[941],1,77.09999999999854,77.09999999999854,89.30000000000291,89.30000000000291,166.40000000000146,166.40000000000146,[77.1],[89.3],[166.4]
29819,[941],1,77.09999999999854,77.09999999999854,89.30000000000291,89.30000000000291,166.40000000000146,166.40000000000146,[77.1],[89.3],[166.4]
29820,[941],1,77.09999999999854,77.09999999999854,89.30000000000291,89.30000000000291,166.40000000000146,166.40000000000146,[77.1],[89.3],[166.4]
29821,[941],1,77.09999999999854,77.09999999999854,89.30000000000291,89.30000000000291,166.40000000000146,166.40000000000146,[77.1],[89.3],[166.4]
29822,[941],1,77.09999999999854,77.09999999999854,89.30000000000291,89.30000000000291,166.40000000000146,166.40000000000146,[77.1],[89.3],[166.4]
29823,[941],1,77.09999999999854,77.09999999999854,89.30000000000291,89.30000000000291,166.40000000000146,166.40000000000146,[77.1],[89.3],[166.4]
29824,[941],1,77.09999999999854,77.09999999999854,89.30000000000291,89.30000000000291,166.40000000000146,166.40000000000146,[77.1],[89.3],[166.4]
29825,[941],1,77.09999999999854,77.09999999999854,89.30000000000291,89.30000000000291,166.40000000000146,166.40000000000146,[77.1],[89.3],[166.4]
29826,[941],1,77.09999999999854,77.09999999999854,89.30000000000291,89.30000000000291,166.40000000000146,166.40000000000146,[77.1],[89.3],[166.4]
29827,[941 969],2,86.29999999999927,95.5,66.70000000000073,89.30000000000291,153.0,166.40000000000146,[77.1 95.5],[89.3 44.1],[166.4 139.6]
29828,[941 969],2,86.29999999999927,95.5,66.70000000000073,89.30000000000291,153.0,166.40000000000146,[77.1 95.5],[89.3 44.1],[166.4 139.6]
29829,[941 969],2,86.29999999999927,95.5,66.70000000000073,89.30000000000291,153.0,166.40000000000146,[77.1 95.5],[89.3 44.1],[166.4 139.6]
29830,[941 969],2,86.29999999999927,95.5,66.70000000000073,89.30000000000291,153.0,166.40000000000146,[77.1 95.5],[89.3 44.1],[166.4 139.6]
29831,[941 969],2,86.29999999999927,95.5,66.70000000000073,89.30000000000291,153.0,166.40000000000146,[77.1 95.5],[89.3 44.1],[166.4 139.6]
29832,[941 969],2,86.29999999999927,95.5,66.70000000000073,89.30000000000291,153.0,166.40000000000146,[77.1 95.5],[89.3 44.1],[166.4 139.6]
29833,[941 969],2,86.29999999999927,95.5,66.70000000000073,89.30000000000291,153.0,166.40000000000146,[77.1 95.5],[89.3 44.1],[166.4 139.6]
29834,[941 969],2,86.29999999999927,95.5,66.70000000000073,89.30000000000291,153.0,166.40000000000146,[77.1 95.5],[89.3 44.1],[166.4 139.6]
29835,[941 969],2,86.29999999999927,95.5,66.70000000000073,89.30000000000291,153.0,166.40000000000146,[77.1 95.5],[89.3 44.1],[166.4 139.6]
29836,[941 969],2,86.29999999999927,95.5,66.70000000000073,89.30000000000291,153.0,166.40000000000146,[77.1 95.5],[89.3 44.1],[166.4 139.6]
29837,[941 969],2,86.29999999999927,95.5,66.70000000000073,89.30000000000291,153.0,166.40000000000146,[77.1 95.5],[89.3 44.1],[166.4 139.6]
29838,[941 969],2,86.29999999999927,95.5,66.70000000000073,89.30000000000291,153.0,166.40000000000146,[77.1 95.5],[89.3 44.1],[166.4 139.6]
29839,[941 969],2,86.29999999999927,95.5,66.70000000000073,89.30000000000291,153.0,166.40000000000146,[77.1 95.5],[89.3 44.1],[166.4 139.6]
29840,[941 969],2,86.29999999999927,95.5,66.70000000000073,89.30000000000291,153.0,166.40000000000146,[77.1 95.5],[89.3 44.1],[166.4 139.6]
29841,[941 969],2,86.29999999999927,95.5,66.70000000000073,89.30000000000291,153.0,166.40000000000146,[77.1 95.5],[89.3 44.1],[166.4 139.6]
29842,[941 969],2,86.29999999999927,95.5,66.70000000000073,89.30000000000291,153.0,166.40000000000146,[77.1 95.5],[89.3 44.1],[166.4 139.6]
29843,[941 969],2,86.29999999999927,95.5,66.70000000000073,89.30000000000291,153.0,166.40000000000146,[77.1 95.5],[89.3 44.1],[166.4 139.6]
29844,[941 969],2,86.29999999999927,95.5,66.70000000000073,89.30000000000291,153.0,166.40000000000146,[77.1 95.5],[89.3 44.1],[166.4 139.6]
29845,[941 969 987],3,83.36666666666618,95.5,59.166666666666664,89.30000000000291,142.53333333333285,166.40000000000146,[77.1 95.5 77.5],[89.3 44.1 44.1],[166.4 139.6 121.6]
29846,[941 969 987],3,83.36666666666618,95.5,59.166666666666664,89.30000000000291,142.53333333333285,166.40000000000146,[77.1 95.5 77.5],[89.3 44.1 44.1],[166.4 139.6 121.6]
29847,[941 969 987],3,83.36666666666618,95.5,59.166666666666664,89.30000000000291,142.53333333333285,166.40000000000146,[77.1 95.5 77.5],[89.3 44.1 44.1],[166.4 139.6 121.6]
29848,[941 969 987],3,83.36666666666618,95.5,59.166666666666664,89.30000000000291,142.53333333333285,166.40000000000146,[77.1 95.5 77.5],[89.3 44.1 44.1],[166.4 139.6 121.6]
29849,[941 969 987],3,83.36666666666618,95.5,59.166666666666664,89.30000000000291,142.53333333333285,166.40000000000146,[77.1 95.5 77.5],[89.3 44.1 44.1],[166.4 139.6 121.6]
29850,[941 969 987],3,83.36666666666618,95.5,59.166666666666664,89.30000000000291,142.53333333333285,166.40000000000146,[77.1 95.5 77.5],[89.3 44.1 44.1],[166.4 139.6 121.6]
29851,[941 969 987],3,83.36666666666618,95.5,59.166666666666664,89.30000000000291,142.53333333333285,166.40000000000146,[77.1 95.5 77.5],[89.3 44.1 44.1],[166.4 139.6 121.6]
29852,[941 969 987],3,83.36666666666618,95.5,59.166666666666664,89.30000000000291,142.53333333333285,166.40000000000146,[77.1 95.5 77.5],[89.3 44.1 44.1],[166.4 139.6 121.6]
29853,[941 969 987],3,83.36666666666618,95.5,59.166666666666664,89.30000000000291,142.53333333333285,166.40000000000146,[77.1 95.5 77.5],[89.3 44.1 44.1],[166.4 139.6 121.6]
29854,[941 969 987],3,83.36666666666618,95.5,59.166666666666664,89.30000000000291,142.53333333333285,166.40000000000146,[77.1 95.5 77.5],[89.3 44.1 44.1],[166.4 139.6 121.6]
29855,[941 969 987],3,83.36666666666618,95.5,59.166666666666664,89.30000000000291,142.53333333333285,166.40000000000146,[77.1 95.5 77.5],[89.3 44.1 44.1],[166.4 139.6 121.6]
29856,[941 969 987],3,83.36666666666618,95.5,59.166666666666664,89.30000000000291,142.53333333333285,166.40000000000146,[77.1 95.5 77.5],[89.3 44.1 44.1],[166.4 139.6 121.6]
29857,[941 969 987 995],4,78.89999999999964,95.5,55.399999999999636,89.30000000000291,134.29999999999927,166.40000000000146,[77.1 95.5 77.5 65.5],[89.3 44.1 44.1 44.1],[166.4 139.6 121.6 109.6]
29858,[941 969 987 995],4,78.89999999999964,95.5,55.399999999999636,89.30000000000291,134.29999999999927,166.40000000000146,[77.1 95.5 77.5 65.5],[89.3 44.1 44.1 44.1],[166.4 139.6 121.6 109.6]
29859,[941 969 987 995],4,78.89999999999964,95.5,55.399999999999636,89.30000000000291,134.29999999999927,166.40000000000146,[77.1 95.5 77.5 65.5],[89.3 44.1 44.1 44.1],[166.4 139.6 121.6 109.6]
29860,[941 969 987 995],4,78.89999999999964,95.5,55.399999999999636,89.30000000000291,134.29999999999927,166.40000000000146,[77.1 95.5 77.5 65.5],[89.3 44.1 44.1 44.1],[166.4 139.6 121.6 109.6]
29861,[941 969 987 995],4,78.89999999999964,95.5,55.399999999999636,89.30000000000291,134.29999999999927,166.40000000000146,[77.1 95.5 77.5 65.5],[89.3 44.1 44.1 44.1],[166.4 139.6 121.6 109.6]
29862,[941 969 987 995],4,78.89999999999964,95.5,55.399999999999636,89.30000000000291,134.29999999999927,166.40000000000146,[77.1 95.5 77.5 65.5],[89.3 44.1 44.1 44.1],[166.4 139.6 121.6 109.6]
29863,[941 969 987 995],4,78.89999999999964,95.5,55.399999999999636,89.30000000000291,134.29999999999927,166.40000000000146,[77.1 95.5 77.5 65.5],[89.3 44.1 44.1 44.1],[166.4 139.6 121.6 109.6]
29864,[941 969 987 995],4,78.89999999999964,95.5,55.399999999999636,89.30000000000291,134.29999999999927,166.40000000000146,[77.1 95.5 77.5 65.5],[89.3 44.1 44.1 44.1],[166.4 139.6 121.6 109.6]
29865,[969 987 995],3,79.5,95.5,44.099999999998545,44.099999999998545,123.59999999999854,139.59999999999854,[95.5 77.5 65.5],[44.1 44.1 44.1],[139.6 121.6 109.6]
29866,[969 987 995],3,79.5,95.5,44.099999999998545,44.099999999998545,123.59999999999854,139.59999999999854,[95.5 77.5 65.5],[44.1 44.1 44.1],[139.6 121.6 109.6]
29867,[969 987 995],3,79.5,95.5,44.099999999998545,44.099999999998545,123.59999999999854,139.59999999999854,[95.5 77.5 65.5],[44.1 44.1 44.1],[139.6 121.6 109.6]
29868,[969 987 995],3,79.5,95.5,44.099999999998545,44.099999999998545,123.59999999999854,139.59999999999854,[95.5 77.5 65.5],[44.1 44.1 44.1],[139.6 121.6 109.6]
29869,[969 987 995],3,79.5,95.5,44.099999999998545,44.099999999998545,123.59999999999854,139.59999999999854,[95.5 77.5 65.5],[44.1 44.1 44.1],[139.6 121.6 109.6]
29870,[969 987 995],3,79.5,95.5,44.099999999998545,44.099999999998545,123.59999999999854,139.59999999999854,[95.5 77.5 65.5],[44.1 44.1 44.1],[139.6 121.6 109.6]
29871,[969 987 995],3,79.5,95.5,44.099999999998545,44.099999999998545,123.59999999999854,139.59999999999854,[95.5 77.5 65.5],[44.1 44.1 44.1],[139.6 121.6 109.6]
29872,[969 987 995],3,79.5,95.5,44.099999999998545,44.099999999998545,123.59999999999854,139.59999999999854,[95.5 77.5 65.5],[44.1 44.1 44.1],[139.6 121.6 109.6]
29873,[ 969  987  995 1004],4,62.05000000000018,95.5,42.99999999999909,44.099999999998545,105.04999999999927,139.59999999999854,[95.5 77.5 65.5  9.7],[44.1 44.1 44.1 39.7],[139.6 121.6 109.6  49.4]
29874,[ 969  987  995 1004],4,62.05000000000018,95.5,42.99999999999909,44.099999999998545,105.04999999999927,139.59999999999854,[95.5 77.5 65.5  9.7],[44.1 44.1 44.1 39.7],[139.6 121.6 109.6  49.4]
29875,[ 969  987  995 1004],4,62.05000000000018,95.5,42.99999999999909,44.099999999998545,105.04999999999927,139.59999999999854,[95.5 77.5 65.5  9.7],[44.1 44.1 44.1 39.7],[139.6 121.6 109.6  49.4]
29876,[ 969  987  995 1004],4,62.05000000000018,95.5,42.99999999999909,44.099999999998545,105.04999999999927,139.59999999999854,[95.5 77.5 65.5  9.7],[44.1 44.1 44.1 39.7],[139.6 121.6 109.6  49.4]
29877,[ 969  987  995 1004],4,62.05000000000018,95.5,42.99999999999909,44.099999999998545,105.04999999999927,139.59999999999854,[95.5 77.5 65.5  9.7],[44.1 44.1 44.1 39.7],[139.6 121.6 109.6  49.4]
29878,[ 969  987  995 1004],4,62.05000000000018,95.5,42.99999999999909,44.099999999998545,105.04999999999927,139.59999999999854,[95.5 77.5 65.5  9.7],[44.1 44.1 44.1 39.7],[139.6 121.6 109.6  49.4]
29879,[ 969  987  995 1004],4,62.05000000000018,95.5,42.99999999999909,44.099999999998545,105.04999999999927,139.59999999999854,[95.5 77.5 65.5  9.7],[44.1 44.1 44.1 39.7],[139.6 121.6 109.6  49.4]
29880,[ 969  987  995 1004],4,62.05000000000018,95.5,42.99999999999909,44.099999999998545,105.04999999999927,139.59999999999854,[95.5 77.5 65.5  9.7],[44.1 44.1 44.1 39.7],[139.6 121.6 109.6  49.4]
29881,[ 969  987  995 1004],4,62.05000000000018,95.5,42.99999999999909,44.099999999998545,105.04999999999927,139.59999999999854,[95.5 77.5 65.5  9.7],[44.1 44.1 44.1 39.7],[139.6 121.6 109.6  49.4]
29882,[ 969  987  995 1004],4,62.05000000000018,95.5,42.99999999999909,44.099999999998545,105.04999999999927,139.59999999999854,[95.5 77.5 65.5  9.7],[44.1 44.1 44.1 39.7],[139.6 121.6 109.6  49.4]
29883,[969 987 995],3,79.5,95.5,44.099999999998545,44.099999999998545,123.59999999999854,139.59999999999854,[95.5 77.5 65.5],[44.1 44.1 44.1],[139.6 121.6 109.6]
29884,[969 987 995],3,79.5,95.5,44.099999999998545,44.099999999998545,123.59999999999854,139.59999999999854,[95.5 77.5 65.5],[44.1 44.1 44.1],[139.6 121.6 109.6]
29885,[969 987 995],3,79.5,95.5,44.099999999998545,44.099999999998545,123.59999999999854,139.59999999999854,[95.5 77.5 65.5],[44.1 44.1 44.1],[139.6 121.6 109.6]
29886,[969 987 995],3,79.5,95.5,44.099999999998545,44.099999999998545,123.59999999999854,139.59999999999854,[95.5 77.5 65.5],[44.1 44.1 44.1],[139.6 121.6 109.6]
29887,[969 987 995],3,79.5,95.5,44.099999999998545,44.099999999998545,123.59999999999854,139.59999999999854,[95.5 77.5 65.5],[44.1 44.1 44.1],[139.6 121.6 109.6]
29888,[969 987 995],3,79.5,95.5,44.099999999998545,44.099999999998545,123.59999999999854,139.59999999999854,[95.5 77.5 65.5],[44.1 44.1 44.1],[139.6 121.6 109.6]
29889,[ 969  987  995 1017],4,82.10000000000036,95.5,37.69999999999891,44.099999999998545,119.79999999999927,139.59999999999854,[95.5 77.5 65.5 89.9],[44.1 44.1 44.1 18.5],[139.6 121.6 109.6 108.4]
29890,[ 969  987  995 1017],4,82.10000000000036,95.5,37.69999999999891,44.099999999998545,119.79999999999927,139.59999999999854,[95.5 77.5 65.5 89.9],[44.1 44.1 44.1 18.5],[139.6 121.6 109.6 108.4]
29891,[ 969  987  995 1017],4,82.10000000000036,95.5,37.69999999999891,44.099999999998545,119.79999999999927,139.59999999999854,[95.5 77.5 65.5 89.9],[44.1 44.1 44.1 18.5],[139.6 121.6 109.6 108.4]
29892,[ 969  987  995 1017],4,82.10000000000036,95.5,37.69999999999891,44.099999999998545,119.79999999999927,139.59999999999854,[95.5 77.5 65.5 89.9],[44.1 44.1 44.1 18.5],[139.6 121.6 109.6 108.4]
29893,[ 969  987  995 1017],4,82.10000000000036,95.5,37.69999999999891,44.099999999998545,119.79999999999927,139.59999999999854,[95.5 77.5 65.5 89.9],[44.1 44.1 44.1 18.5],[139.6 121.6 109.6 108.4]
29894,[ 969  987  995 1017],4,82.10000000000036,95.5,37.69999999999891,44.099999999998545,119.79999999999927,139.59999999999854,[95.5 77.5 65.5 89.9],[44.1 44.1 44.1 18.5],[139.6 121.6 109.6 108.4]
29895,[ 969  987  995 1017],4,82.10000000000036,95.5,37.69999999999891,44.099999999998545,119.79999999999927,139.59999999999854,[95.5 77.5 65.5 89.9],[44.1 44.1 44.1 18.5],[139.6 121.6 109.6 108.4]
29896,[ 969  987  995 1017],4,82.10000000000036,95.5,37.69999999999891,44.099999999998545,119.79999999999927,139.59999999999854,[95.5 77.5 65.5 89.9],[44.1 44.1 44.1 18.5],[139.6 121.6 109.6 108.4]
29897,[ 969  987  995 1017],4,82.10000000000036,95.5,37.69999999999891,44.099999999998545,119.79999999999927,139.59999999999854,[95.5 77.5 65.5 89.9],[44.1 44.1 44.1 18.5],[139.6 121.6 109.6 108.4]
29898,[ 969  987  995 1017],4,82.10000000000036,95.5,37.69999999999891,44.099999999998545,119.79999999999927,139.59999999999854,[95.5 77.5 65.5 89.9],[44.1 44.1 44.1 18.5],[139.6 121.6 109.6 108.4]
29899,[ 969  987  995 1017 1032],5,81.66000000000058,95.5,40.39999999999854,51.19999999999709,122.05999999999912,139.59999999999854,[95.5 77.5 65.5 89.9 79.9],[44.1 44.1 44.1 18.5 51.2],[139.6 121.6 109.6 108.4 131.1]
29900,[ 969  987  995 1017 1032],5,81.66000000000058,95.5,40.39999999999854,51.19999999999709,122.05999999999912,139.59999999999854,[95.5 77.5 65.5 89.9 79.9],[44.1 44.1 44.1 18.5 51.2],[139.6 121.6 109.6 108.4 131.1]
29901,[ 969  987  995 1017 1032],5,81.66000000000058,95.5,40.39999999999854,51.19999999999709,122.05999999999912,139.59999999999854,[95.5 77.5 65.5 89.9 79.9],[44.1 44.1 44.1 18.5 51.2],[139.6 121.6 109.6 108.4 131.1]
29902,[ 969  987  995 1017 1032],5,81.66000000000058,95.5,40.39999999999854,51.19999999999709,122.05999999999912,139.59999999999854,[95.5 77.5 65.5 89.9 79.9],[44.1 44.1 44.1 18.5 51.2],[139.6 121.6 109.6 108.4 131.1]
29903,[ 969  987  995 1017 1032],5,81.66000000000058,95.5,40.39999999999854,51.19999999999709,122.05999999999912,139.59999999999854,[95.5 77.5 65.5 89.9 79.9],[44.1 44.1 44.1 18.5 51.2],[139.6 121.6 109.6 108.4 131.1]
29904,[ 969  987  995 1017 1032],5,81.66000000000058,95.5,40.39999999999854,51.19999999999709,122.05999999999912,139.59999999999854,[95.5 77.5 65.5 89.9 79.9],[44.1 44.1 44.1 18.5 51.2],[139.6 121.6 109.6 108.4 131.1]
29905,[ 969  987  995 1017 1032],5,81.66000000000058,95.5,40.39999999999854,51.19999999999709,122.05999999999912,139.59999999999854,[95.5 77.5 65.5 89.9 79.9],[44.1 44.1 44.1 18.5 51.2],[139.6 121.6 109.6 108.4 131.1]
29906,[ 969  987  995 1017 1032],5,81.66000000000058,95.5,40.39999999999854,51.19999999999709,122.05999999999912,139.59999999999854,[95.5 77.5 65.5 89.9 79.9],[44.1 44.1 44.1 18.5 51.2],[139.6 121.6 109.6 108.4 131.1]
29907,[ 969  987  995 1017 1032],5,81.66000000000058,95.5,40.39999999999854,51.19999999999709,122.05999999999912,139.59999999999854,[95.5 77.5 65.5 89.9 79.9],[44.1 44.1 44.1 18.5 51.2],[139.6 121.6 109.6 108.4 131.1]
29908,[ 969  987  995 1017 1032],5,81.66000000000058,95.5,40.39999999999854,51.19999999999709,122.05999999999912,139.59999999999854,[95.5 77.5 65.5 89.9 79.9],[44.1 44.1 44.1 18.5 51.2],[139.6 121.6 109.6 108.4 131.1]
29909,[ 969  987  995 1017 1032],5,81.66000000000058,95.5,40.39999999999854,51.19999999999709,122.05999999999912,139.59999999999854,[95.5 77.5 65.5 89.9 79.9],[44.1 44.1 44.1 18.5 51.2],[139.6 121.6 109.6 108.4 131.1]
29910,[ 969  987  995 1017 1032],5,81.66000000000058,95.5,40.39999999999854,51.19999999999709,122.05999999999912,139.59999999999854,[95.5 77.5 65.5 89.9 79.9],[44.1 44.1 44.1 18.5 51.2],[139.6 121.6 109.6 108.4 131.1]
29911,[ 969  987  995 1017 1032],5,81.66000000000058,95.5,40.39999999999854,51.19999999999709,122.05999999999912,139.59999999999854,[95.5 77.5 65.5 89.9 79.9],[44.1 44.1 44.1 18.5 51.2],[139.6 121.6 109.6 108.4 131.1]
29912,[ 969  987  995 1017 1032],5,81.66000000000058,95.5,40.39999999999854,51.19999999999709,122.05999999999912,139.59999999999854,[95.5 77.5 65.5 89.9 79.9],[44.1 44.1 44.1 18.5 51.2],[139.6 121.6 109.6 108.4 131.1]
29913,[ 969  987  995 1017 1032],5,81.66000000000058,95.5,40.39999999999854,51.19999999999709,122.05999999999912,139.59999999999854,[95.5 77.5 65.5 89.9 79.9],[44.1 44.1 44.1 18.5 51.2],[139.6 121.6 109.6 108.4 131.1]
29914,[ 969  987  995 1017 1032],5,81.66000000000058,95.5,40.39999999999854,51.19999999999709,122.05999999999912,139.59999999999854,[95.5 77.5 65.5 89.9 79.9],[44.1 44.1 44.1 18.5 51.2],[139.6 121.6 109.6 108.4 131.1]
29915,[ 969  987  995 1017 1032],5,81.66000000000058,95.5,40.39999999999854,51.19999999999709,122.05999999999912,139.59999999999854,[95.5 77.5 65.5 89.9 79.9],[44.1 44.1 44.1 18.5 51.2],[139.6 121.6 109.6 108.4 131.1]
29916,[ 969  987  995 1017 1032],5,81.66000000000058,95.5,40.39999999999854,51.19999999999709,122.05999999999912,139.59999999999854,[95.5 77.5 65.5 89.9 79.9],[44.1 44.1 44.1 18.5 51.2],[139.6 121.6 109.6 108.4 131.1]
29917,[ 969  987  995 1017 1032],5,81.66000000000058,95.5,40.39999999999854,51.19999999999709,122.05999999999912,139.59999999999854,[95.5 77.5 65.5 89.9 79.9],[44.1 44.1 44.1 18.5 51.2],[139.6 121.6 109.6 108.4 131.1]
29918,[ 969  987  995 1017 1032],5,81.66000000000058,95.5,40.39999999999854,51.19999999999709,122.05999999999912,139.59999999999854,[95.5 77.5 65.5 89.9 79.9],[44.1 44.1 44.1 18.5 51.2],[139.6 121.6 109.6 108.4 131.1]
29919,[ 969  987  995 1017 1032],5,81.66000000000058,95.5,40.39999999999854,51.19999999999709,122.05999999999912,139.59999999999854,[95.5 77.5 65.5 89.9 79.9],[44.1 44.1 44.1 18.5 51.2],[139.6 121.6 109.6 108.4 131.1]
29920,[ 969  987  995 1017 1032],5,81.66000000000058,95.5,40.39999999999854,51.19999999999709,122.05999999999912,139.59999999999854,[95.5 77.5 65.5 89.9 79.9],[44.1 44.1 44.1 18.5 51.2],[139.6 121.6 109.6 108.4 131.1]
29921,[ 969  987  995 1017 1032],5,81.66000000000058,95.5,40.39999999999854,51.19999999999709,122.05999999999912,139.59999999999854,[95.5 77.5 65.5 89.9 79.9],[44.1 44.1 44.1 18.5 51.2],[139.6 121.6 109.6 108.4 131.1]
29922,[ 969  987  995 1017 1032],5,81.66000000000058,95.5,40.39999999999854,51.19999999999709,122.05999999999912,139.59999999999854,[95.5 77.5 65.5 89.9 79.9],[44.1 44.1 44.1 18.5 51.2],[139.6 121.6 109.6 108.4 131.1]
29923,[1017 1032],2,84.90000000000146,89.90000000000146,34.849999999998545,51.19999999999709,119.75,131.09999999999854,[89.9 79.9],[18.5 51.2],[108.4 131.1]
29924,[1017 1032],2,84.90000000000146,89.90000000000146,34.849999999998545,51.19999999999709,119.75,131.09999999999854,[89.9 79.9],[18.5 51.2],[108.4 131.1]
29925,[1017 1032],2,84.90000000000146,89.90000000000146,34.849999999998545,51.19999999999709,119.75,131.09999999999854,[89.9 79.9],[18.5 51.2],[108.4 131.1]
29926,[1017 1032],2,84.90000000000146,89.90000000000146,34.849999999998545,51.19999999999709,119.75,131.09999999999854,[89.9 79.9],[18.5 51.2],[108.4 131.1]
29927,[1017 1032],2,84.90000000000146,89.90000000000146,34.849999999998545,51.19999999999709,119.75,131.09999999999854,[89.9 79.9],[18.5 51.2],[108.4 131.1]
29928,[1017 1032],2,84.90000000000146,89.90000000000146,34.849999999998545,51.19999999999709,119.75,131.09999999999854,[89.9 79.9],[18.5 51.2],[108.4 131.1]
29929,[1017 1032],2,84.90000000000146,89.90000000000146,34.849999999998545,51.19999999999709,119.75,131.09999999999854,[89.9 79.9],[18.5 51.2],[108.4 131.1]
29930,[1017 1032],2,84.90000000000146,89.90000000000146,34.849999999998545,51.19999999999709,119.75,131.09999999999854,[89.9 79.9],[18.5 51.2],[108.4 131.1]
29931,[1017 1032],2,84.90000000000146,89.90000000000146,34.849999999998545,51.19999999999709,119.75,131.09999999999854,[89.9 79.9],[18.5 51.2],[108.4 131.1]
29932,[1017 1032],2,84.90000000000146,89.90000000000146,34.849999999998545,51.19999999999709,119.75,131.09999999999854,[89.9 79.9],[18.5 51.2],[108.4 131.1]
29933,[1017 1032],2,84.90000000000146,89.90000000000146,34.849999999998545,51.19999999999709,119.75,131.09999999999854,[89.9 79.9],[18.5 51.2],[108.4 131.1]
29934,[1017 1032],2,84.90000000000146,89.90000000000146,34.849999999998545,51.19999999999709,119.75,131.09999999999854,[89.9 79.9],[18.5 51.2],[108.4 131.1]
29935,[1017 1032],2,84.90000000000146,89.90000000000146,34.849999999998545,51.19999999999709,119.75,131.09999999999854,[89.9 79.9],[18.5 51.2],[108.4 131.1]
29936,[1017 1032],2,84.90000000000146,89.90000000000146,34.849999999998545,51.19999999999709,119.75,131.09999999999854,[89.9 79.9],[18.5 51.2],[108.4 131.1]
29937,[1017 1032],2,84.90000000000146,89.90000000000146,34.849999999998545,51.19999999999709,119.75,131.09999999999854,[89.9 79.9],[18.5 51.2],[108.4 131.1]
29938,[1017 1032],2,84.90000000000146,89.90000000000146,34.849999999998545,51.19999999999709,119.75,131.09999999999854,[89.9 79.9],[18.5 51.2],[108.4 131.1]
29939,[1017 1032],2,84.90000000000146,89.90000000000146,34.849999999998545,51.19999999999709,119.75,131.09999999999854,[89.9 79.9],[18.5 51.2],[108.4 131.1]
29940,[1017 1032],2,84.90000000000146,89.90000000000146,34.849999999998545,51.19999999999709,119.75,131.09999999999854,[89.9 79.9],[18.5 51.2],[108.4 131.1]
29941,[1017 1032],2,84.90000000000146,89.90000000000146,34.849999999998545,51.19999999999709,119.75,131.09999999999854,[89.9 79.9],[18.5 51.2],[108.4 131.1]
29942,[1017 1032],2,84.90000000000146,89.90000000000146,34.849999999998545,51.19999999999709,119.75,131.09999999999854,[89.9 79.9],[18.5 51.2],[108.4 131.1]
29943,[1017 1032],2,84.90000000000146,89.90000000000146,34.849999999998545,51.19999999999709,119.75,131.09999999999854,[89.9 79.9],[18.5 51.2],[108.4 131.1]
29944,[1017 1032],2,84.90000000000146,89.90000000000146,34.849999999998545,51.19999999999709,119.75,131.09999999999854,[89.9 79.9],[18.5 51.2],[108.4 131.1]
29945,[1017 1032],2,84.90000000000146,89.90000000000146,34.849999999998545,51.19999999999709,119.75,131.09999999999854,[89.9 79.9],[18.5 51.2],[108.4 131.1]
29946,[1017 1032],2,84.90000000000146,89.90000000000146,34.849999999998545,51.19999999999709,119.75,131.09999999999854,[89.9 79.9],[18.5 51.2],[108.4 131.1]
29947,[1017 1032],2,84.90000000000146,89.90000000000146,34.849999999998545,51.19999999999709,119.75,131.09999999999854,[89.9 79.9],[18.5 51.2],[108.4 131.1]
29948,[1017 1032],2,84.90000000000146,89.90000000000146,34.849999999998545,51.19999999999709,119.75,131.09999999999854,[89.9 79.9],[18.5 51.2],[108.4 131.1]
29949,[1017 1032],2,84.90000000000146,89.90000000000146,34.849999999998545,51.19999999999709,119.75,131.09999999999854,[89.9 79.9],[18.5 51.2],[108.4 131.1]
29950,[1017 1032],2,84.90000000000146,89.90000000000146,34.849999999998545,51.19999999999709,119.75,131.09999999999854,[89.9 79.9],[18.5 51.2],[108.4 131.1]
29951,[1017 1032],2,84.90000000000146,89.90000000000146,34.849999999998545,51.19999999999709,119.75,131.09999999999854,[89.9 79.9],[18.5 51.2],[108.4 131.1]
29952,[1017 1032],2,84.90000000000146,89.90000000000146,34.849999999998545,51.19999999999709,119.75,131.09999999999854,[89.9 79.9],[18.5 51.2],[108.4 131.1]
29953,[1017 1032],2,84.90000000000146,89.90000000000146,34.849999999998545,51.19999999999709,119.75,131.09999999999854,[89.9 79.9],[18.5 51.2],[108.4 131.1]
29954,[1017 1032],2,84.90000000000146,89.90000000000146,34.849999999998545,51.19999999999709,119.75,131.09999999999854,[89.9 79.9],[18.5 51.2],[108.4 131.1]
29955,[1017 1032],2,84.90000000000146,89.90000000000146,34.849999999998545,51.19999999999709,119.75,131.09999999999854,[89.9 79.9],[18.5 51.2],[108.4 131.1]
29956,[1017 1032],2,84.90000000000146,89.90000000000146,34.849999999998545,51.19999999999709,119.75,131.09999999999854,[89.9 79.9],[18.5 51.2],[108.4 131.1]
29957,[1017 1032],2,84.90000000000146,89.90000000000146,34.849999999998545,51.19999999999709,119.75,131.09999999999854,[89.9 79.9],[18.5 51.2],[108.4 131.1]
29958,[1017 1032],2,84.90000000000146,89.90000000000146,34.849999999998545,51.19999999999709,119.75,131.09999999999854,[89.9 79.9],[18.5 51.2],[108.4 131.1]
29959,[1017 1032],2,84.90000000000146,89.90000000000146,34.849999999998545,51.19999999999709,119.75,131.09999999999854,[89.9 79.9],[18.5 51.2],[108.4 131.1]
29960,[1017 1032],2,84.90000000000146,89.90000000000146,34.849999999998545,51.19999999999709,119.75,131.09999999999854,[89.9 79.9],[18.5 51.2],[108.4 131.1]
29961,[1017 1032],2,84.90000000000146,89.90000000000146,34.849999999998545,51.19999999999709,119.75,131.09999999999854,[89.9 79.9],[18.5 51.2],[108.4 131.1]
29962,[1017 1032],2,84.90000000000146,89.90000000000146,34.849999999998545,51.19999999999709,119.75,131.09999999999854,[89.9 79.9],[18.5 51.2],[108.4 131.1]
29963,[1017 1032],2,84.90000000000146,89.90000000000146,34.849999999998545,51.19999999999709,119.75,131.09999999999854,[89.9 79.9],[18.5 51.2],[108.4 131.1]
29964,[1017 1032],2,84.90000000000146,89.90000000000146,34.849999999998545,51.19999999999709,119.75,131.09999999999854,[89.9 79.9],[18.5 51.2],[108.4 131.1]
29965,[1017 1032 1109],3,85.83333333333455,89.90000000000146,44.099999999998545,62.599999999998545,129.93333333333308,150.29999999999927,[89.9 79.9 87.7],[18.5 51.2 62.6],[108.4 131.1 150.3]
29966,[1017 1032 1109],3,85.83333333333455,89.90000000000146,44.099999999998545,62.599999999998545,129.93333333333308,150.29999999999927,[89.9 79.9 87.7],[18.5 51.2 62.6],[108.4 131.1 150.3]
29967,[1017 1032 1109],3,85.83333333333455,89.90000000000146,44.099999999998545,62.599999999998545,129.93333333333308,150.29999999999927,[89.9 79.9 87.7],[18.5 51.2 62.6],[108.4 131.1 150.3]
29968,[1017 1032 1109],3,85.83333333333455,89.90000000000146,44.099999999998545,62.599999999998545,129.93333333333308,150.29999999999927,[89.9 79.9 87.7],[18.5 51.2 62.6],[108.4 131.1 150.3]
29969,[1017 1032 1109],3,85.83333333333455,89.90000000000146,44.099999999998545,62.599999999998545,129.93333333333308,150.29999999999927,[89.9 79.9 87.7],[18.5 51.2 62.6],[108.4 131.1 150.3]
29970,[1017 1032 1109],3,85.83333333333455,89.90000000000146,44.099999999998545,62.599999999998545,129.93333333333308,150.29999999999927,[89.9 79.9 87.7],[18.5 51.2 62.6],[108.4 131.1 150.3]
29971,[1017 1032 1109],3,85.83333333333455,89.90000000000146,44.099999999998545,62.599999999998545,129.93333333333308,150.29999999999927,[89.9 79.9 87.7],[18.5 51.2 62.6],[108.4 131.1 150.3]
29972,[1017 1032 1109],3,85.83333333333455,89.90000000000146,44.099999999998545,62.599999999998545,129.93333333333308,150.29999999999927,[89.9 79.9 87.7],[18.5 51.2 62.6],[108.4 131.1 150.3]
29973,[1017 1032 1109],3,85.83333333333455,89.90000000000146,44.099999999998545,62.599999999998545,129.93333333333308,150.29999999999927,[89.9 79.9 87.7],[18.5 51.2 62.6],[108.4 131.1 150.3]
29974,[1017 1032 1109],3,85.83333333333455,89.90000000000146,44.099999999998545,62.599999999998545,129.93333333333308,150.29999999999927,[89.9 79.9 87.7],[18.5 51.2 62.6],[108.4 131.1 150.3]
29975,[1017 1032 1109],3,85.83333333333455,89.90000000000146,44.099999999998545,62.599999999998545,129.93333333333308,150.29999999999927,[89.9 79.9 87.7],[18.5 51.2 62.6],[108.4 131.1 150.3]
29976,[1017 1032 1109],3,85.83333333333455,89.90000000000146,44.099999999998545,62.599999999998545,129.93333333333308,150.29999999999927,[89.9 79.9 87.7],[18.5 51.2 62.6],[108.4 131.1 150.3]
29977,[1017 1032 1109],3,85.83333333333455,89.90000000000146,44.099999999998545,62.599999999998545,129.93333333333308,150.29999999999927,[89.9 79.9 87.7],[18.5 51.2 62.6],[108.4 131.1 150.3]
29978,[1017 1032 1109],3,85.83333333333455,89.90000000000146,44.099999999998545,62.599999999998545,129.93333333333308,150.29999999999927,[89.9 79.9 87.7],[18.5 51.2 62.6],[108.4 131.1 150.3]
29979,[1109],1,87.70000000000073,87.70000000000073,62.599999999998545,62.599999999998545,150.29999999999927,150.29999999999927,[87.7],[62.6],[150.3]
29980,[1109],1,87.70000000000073,87.70000000000073,62.599999999998545,62.599999999998545,150.29999999999927,150.29999999999927,[87.7],[62.6],[150.3]
29981,[1109],1,87.70000000000073,87.70000000000073,62.599999999998545,62.599999999998545,150.29999999999927,150.29999999999927,[87.7],[62.6],[150.3]
29982,[1109],1,87.70000000000073,87.70000000000073,62.599999999998545,62.599999999998545,150.29999999999927,150.29999999999927,[87.7],[62.6],[150.3]
29983,[1109],1,87.70000000000073,87.70000000000073,62.599999999998545,62.599999999998545,150.29999999999927,150.29999999999927,[87.7],[62.6],[150.3]
29984,[1109],1,87.70000000000073,87.70000000000073,62.599999999998545,62.599999999998545,150.29999999999927,150.29999999999927,[87.7],[62.6],[150.3]
29985,[1109],1,87.70000000000073,87.70000000000073,62.599999999998545,62.599999999998545,150.29999999999927,150.29999999999927,[87.7],[62.6],[150.3]
29986,[1109],1,87.70000000000073,87.70000000000073,62.599999999998545,62.599999999998545,150.29999999999927,150.29999999999927,[87.7],[62.6],[150.3]
29987,[1109],1,87.70000000000073,87.70000000000073,62.599999999998545,62.599999999998545,150.29999999999927,150.29999999999927,[87.7],[62.6],[150.3]
29988,[1109],1,87.70000000000073,87.70000000000073,62.599999999998545,62.599999999998545,150.29999999999927,150.29999999999927,[87.7],[62.6],[150.3]
29989,[1109],1,87.70000000000073,87.70000000000073,62.599999999998545,62.599999999998545,150.29999999999927,150.29999999999927,[87.7],[62.6],[150.3]
29990,[1109],1,87.70000000000073,87.70000000000073,62.599999999998545,62.599999999998545,150.29999999999927,150.29999999999927,[87.7],[62.6],[150.3]
29991,[1109],1,87.70000000000073,87.70000000000073,62.599999999998545,62.599999999998545,150.29999999999927,150.29999999999927,[87.7],[62.6],[150.3]
29992,[1109],1,87.70000000000073,87.70000000000073,62.599999999998545,62.599999999998545,150.29999999999927,150.29999999999927,[87.7],[62.6],[150.3]
29993,[1109],1,87.70000000000073,87.70000000000073,62.599999999998545,62.599999999998545,150.29999999999927,150.29999999999927,[87.7],[62.6],[150.3]
29994,[1109 1132],2,56.70000000000073,87.70000000000073,63.49999999999818,64.39999999999782,120.19999999999891,150.29999999999927,[87.7 25.7],[62.6 64.4],[150.3  90.1]
29995,[1109 1132],2,56.70000000000073,87.70000000000073,63.49999999999818,64.39999999999782,120.19999999999891,150.29999999999927,[87.7 25.7],[62.6 64.4],[150.3  90.1]
29996,[1109 1132],2,56.70000000000073,87.70000000000073,63.49999999999818,64.39999999999782,120.19999999999891,150.29999999999927,[87.7 25.7],[62.6 64.4],[150.3  90.1]
29997,[1109 1132],2,56.70000000000073,87.70000000000073,63.49999999999818,64.39999999999782,120.19999999999891,150.29999999999927,[87.7 25.7],[62.6 64.4],[150.3  90.1]
29998,[1109 1132],2,56.70000000000073,87.70000000000073,63.49999999999818,64.39999999999782,120.19999999999891,150.29999999999927,[87.7 25.7],[62.6 64.4],[150.3  90.1]
29999,[1109 1132],2,56.70000000000073,87.70000000000073,63.49999999999818,64.39999999999782,120.19999999999891,150.29999999999927,[87.7 25.7],[62.6 64.4],[150.3  90.1]
30000,[1109 1132],2,56.70000000000073,87.70000000000073,63.49999999999818,64.39999999999782,120.19999999999891,150.29999999999927,[87.7 25.7],[62.6 64.4],[150.3  90.1]
30001,[1109 1132],2,56.70000000000073,87.70000000000073,63.49999999999818,64.39999999999782,120.19999999999891,150.29999999999927,[87.7 25.7],[62.6 64.4],[150.3  90.1]
30002,[1109 1132],2,56.70000000000073,87.70000000000073,63.49999999999818,64.39999999999782,120.19999999999891,150.29999999999927,[87.7 25.7],[62.6 64.4],[150.3  90.1]
30003,[1109 1132],2,56.70000000000073,87.70000000000073,63.49999999999818,64.39999999999782,120.19999999999891,150.29999999999927,[87.7 25.7],[62.6 64.4],[150.3  90.1]
30004,[1109 1132],2,56.70000000000073,87.70000000000073,63.49999999999818,64.39999999999782,120.19999999999891,150.29999999999927,[87.7 25.7],[62.6 64.4],[150.3  90.1]
30005,[1109 1132],2,56.70000000000073,87.70000000000073,63.49999999999818,64.39999999999782,120.19999999999891,150.29999999999927,[87.7 25.7],[62.6 64.4],[150.3  90.1]
30006,[1109 1132],2,56.70000000000073,87.70000000000073,63.49999999999818,64.39999999999782,120.19999999999891,150.29999999999927,[87.7 25.7],[62.6 64.4],[150.3  90.1]
30007,[1109 1132],2,56.70000000000073,87.70000000000073,63.49999999999818,64.39999999999782,120.19999999999891,150.29999999999927,[87.7 25.7],[62.6 64.4],[150.3  90.1]
30008,[1109 1132],2,56.70000000000073,87.70000000000073,63.49999999999818,64.39999999999782,120.19999999999891,150.29999999999927,[87.7 25.7],[62.6 64.4],[150.3  90.1]
30009,[1109 1132],2,56.70000000000073,87.70000000000073,63.49999999999818,64.39999999999782,120.19999999999891,150.29999999999927,[87.7 25.7],[62.6 64.4],[150.3  90.1]
30010,[1109 1132],2,56.70000000000073,87.70000000000073,63.49999999999818,64.39999999999782,120.19999999999891,150.29999999999927,[87.7 25.7],[62.6 64.4],[150.3  90.1]
30011,[1109 1132],2,56.70000000000073,87.70000000000073,63.49999999999818,64.39999999999782,120.19999999999891,150.29999999999927,[87.7 25.7],[62.6 64.4],[150.3  90.1]
30012,[1109 1132],2,56.70000000000073,87.70000000000073,63.49999999999818,64.39999999999782,120.19999999999891,150.29999999999927,[87.7 25.7],[62.6 64.4],[150.3  90.1]
30013,[1109 1132],2,56.70000000000073,87.70000000000073,63.49999999999818,64.39999999999782,120.19999999999891,150.29999999999927,[87.7 25.7],[62.6 64.4],[150.3  90.1]
30014,[1109 1132],2,56.70000000000073,87.70000000000073,63.49999999999818,64.39999999999782,120.19999999999891,150.29999999999927,[87.7 25.7],[62.6 64.4],[150.3  90.1]
30015,[1109 1132],2,56.70000000000073,87.70000000000073,63.49999999999818,64.39999999999782,120.19999999999891,150.29999999999927,[87.7 25.7],[62.6 64.4],[150.3  90.1]
30016,[1109 1132],2,56.70000000000073,87.70000000000073,63.49999999999818,64.39999999999782,120.19999999999891,150.29999999999927,[87.7 25.7],[62.6 64.4],[150.3  90.1]
30017,[1109 1132],2,56.70000000000073,87.70000000000073,63.49999999999818,64.39999999999782,120.19999999999891,150.29999999999927,[87.7 25.7],[62.6 64.4],[150.3  90.1]
30018,[1109 1132 1152],3,49.36666666666739,87.70000000000073,63.199999999998305,64.39999999999782,112.5666666666657,150.29999999999927,[87.7 25.7 34.7],[62.6 64.4 62.6],[150.3  90.1  97.3]
30019,[1109 1132 1152],3,49.36666666666739,87.70000000000073,63.199999999998305,64.39999999999782,112.5666666666657,150.29999999999927,[87.7 25.7 34.7],[62.6 64.4 62.6],[150.3  90.1  97.3]
30020,[1109 1152],2,61.20000000000073,87.70000000000073,62.599999999998545,62.599999999998545,123.79999999999927,150.29999999999927,[87.7 34.7],[62.6 62.6],[150.3  97.3]
30021,[1109 1152],2,61.20000000000073,87.70000000000073,62.599999999998545,62.599999999998545,123.79999999999927,150.29999999999927,[87.7 34.7],[62.6 62.6],[150.3  97.3]
30022,[1109 1152],2,61.20000000000073,87.70000000000073,62.599999999998545,62.599999999998545,123.79999999999927,150.29999999999927,[87.7 34.7],[62.6 62.6],[150.3  97.3]
30023,[1109 1152],2,61.20000000000073,87.70000000000073,62.599999999998545,62.599999999998545,123.79999999999927,150.29999999999927,[87.7 34.7],[62.6 62.6],[150.3  97.3]
30024,[1109 1152],2,61.20000000000073,87.70000000000073,62.599999999998545,62.599999999998545,123.79999999999927,150.29999999999927,[87.7 34.7],[62.6 62.6],[150.3  97.3]
30025,[1109 1152],2,61.20000000000073,87.70000000000073,62.599999999998545,62.599999999998545,123.79999999999927,150.29999999999927,[87.7 34.7],[62.6 62.6],[150.3  97.3]
30026,[1109 1152],2,61.20000000000073,87.70000000000073,62.599999999998545,62.599999999998545,123.79999999999927,150.29999999999927,[87.7 34.7],[62.6 62.6],[150.3  97.3]
30027,[1109 1152],2,61.20000000000073,87.70000000000073,62.599999999998545,62.599999999998545,123.79999999999927,150.29999999999927,[87.7 34.7],[62.6 62.6],[150.3  97.3]
30028,[1109 1152],2,61.20000000000073,87.70000000000073,62.599999999998545,62.599999999998545,123.79999999999927,150.29999999999927,[87.7 34.7],[62.6 62.6],[150.3  97.3]
30029,[1109 1152],2,61.20000000000073,87.70000000000073,62.599999999998545,62.599999999998545,123.79999999999927,150.29999999999927,[87.7 34.7],[62.6 62.6],[150.3  97.3]
30030,[1109 1152],2,61.20000000000073,87.70000000000073,62.599999999998545,62.599999999998545,123.79999999999927,150.29999999999927,[87.7 34.7],[62.6 62.6],[150.3  97.3]
30031,[1109 1152],2,61.20000000000073,87.70000000000073,62.599999999998545,62.599999999998545,123.79999999999927,150.29999999999927,[87.7 34.7],[62.6 62.6],[150.3  97.3]
30032,[1109 1152],2,61.20000000000073,87.70000000000073,62.599999999998545,62.599999999998545,123.79999999999927,150.29999999999927,[87.7 34.7],[62.6 62.6],[150.3  97.3]
30033,[1109 1152],2,61.20000000000073,87.70000000000073,62.599999999998545,62.599999999998545,123.79999999999927,150.29999999999927,[87.7 34.7],[62.6 62.6],[150.3  97.3]
30034,[1109 1152],2,61.20000000000073,87.70000000000073,62.599999999998545,62.599999999998545,123.79999999999927,150.29999999999927,[87.7 34.7],[62.6 62.6],[150.3  97.3]
30035,[1109 1152],2,61.20000000000073,87.70000000000073,62.599999999998545,62.599999999998545,123.79999999999927,150.29999999999927,[87.7 34.7],[62.6 62.6],[150.3  97.3]
30036,[1109 1152],2,61.20000000000073,87.70000000000073,62.599999999998545,62.599999999998545,123.79999999999927,150.29999999999927,[87.7 34.7],[62.6 62.6],[150.3  97.3]
30037,[1109 1152],2,61.20000000000073,87.70000000000073,62.599999999998545,62.599999999998545,123.79999999999927,150.29999999999927,[87.7 34.7],[62.6 62.6],[150.3  97.3]
30038,[1109 1152],2,61.20000000000073,87.70000000000073,62.599999999998545,62.599999999998545,123.79999999999927,150.29999999999927,[87.7 34.7],[62.6 62.6],[150.3  97.3]
30039,[1109 1152],2,61.20000000000073,87.70000000000073,62.599999999998545,62.599999999998545,123.79999999999927,150.29999999999927,[87.7 34.7],[62.6 62.6],[150.3  97.3]
30040,[1109 1152],2,61.20000000000073,87.70000000000073,62.599999999998545,62.599999999998545,123.79999999999927,150.29999999999927,[87.7 34.7],[62.6 62.6],[150.3  97.3]
30041,[1109 1152],2,61.20000000000073,87.70000000000073,62.599999999998545,62.599999999998545,123.79999999999927,150.29999999999927,[87.7 34.7],[62.6 62.6],[150.3  97.3]
30042,[1109 1152],2,61.20000000000073,87.70000000000073,62.599999999998545,62.599999999998545,123.79999999999927,150.29999999999927,[87.7 34.7],[62.6 62.6],[150.3  97.3]
30043,[1109 1152],2,61.20000000000073,87.70000000000073,62.599999999998545,62.599999999998545,123.79999999999927,150.29999999999927,[87.7 34.7],[62.6 62.6],[150.3  97.3]
30044,[1109 1152],2,61.20000000000073,87.70000000000073,62.599999999998545,62.599999999998545,123.79999999999927,150.29999999999927,[87.7 34.7],[62.6 62.6],[150.3  97.3]
30045,[1109 1152],2,61.20000000000073,87.70000000000073,62.599999999998545,62.599999999998545,123.79999999999927,150.29999999999927,[87.7 34.7],[62.6 62.6],[150.3  97.3]
30046,[1109 1152],2,61.20000000000073,87.70000000000073,62.599999999998545,62.599999999998545,123.79999999999927,150.29999999999927,[87.7 34.7],[62.6 62.6],[150.3  97.3]
30047,[1109 1152],2,61.20000000000073,87.70000000000073,62.599999999998545,62.599999999998545,123.79999999999927,150.29999999999927,[87.7 34.7],[62.6 62.6],[150.3  97.3]
30048,[1109 1152],2,61.20000000000073,87.70000000000073,62.599999999998545,62.599999999998545,123.79999999999927,150.29999999999927,[87.7 34.7],[62.6 62.6],[150.3  97.3]
30049,[1109 1152],2,61.20000000000073,87.70000000000073,62.599999999998545,62.599999999998545,123.79999999999927,150.29999999999927,[87.7 34.7],[62.6 62.6],[150.3  97.3]
30050,[1109 1152],2,61.20000000000073,87.70000000000073,62.599999999998545,62.599999999998545,123.79999999999927,150.29999999999927,[87.7 34.7],[62.6 62.6],[150.3  97.3]
30051,[1109 1152],2,61.20000000000073,87.70000000000073,62.599999999998545,62.599999999998545,123.79999999999927,150.29999999999927,[87.7 34.7],[62.6 62.6],[150.3  97.3]
30052,[1109 1152],2,61.20000000000073,87.70000000000073,62.599999999998545,62.599999999998545,123.79999999999927,150.29999999999927,[87.7 34.7],[62.6 62.6],[150.3  97.3]
30053,[],0,0.0,0.0,0.0,0.0,0.0,0.0,[],[],[]
30054,[],0,0.0,0.0,0.0,0.0,0.0,0.0,[],[],[]
30055,[],0,0.0,0.0,0.0,0.0,0.0,0.0,[],[],[]
30056,[],0,0.0,0.0,0.0,0.0,0.0,0.0,[],[],[]
30057,[1178],1,0.0,0.0,58.29999999999927,58.29999999999927,58.29999999999927,58.29999999999927,[0.],[58.3],[58.3]
30058,[],0,0.0,0.0,0.0,0.0,0.0,0.0,[],[],[]
30059,[],0,0.0,0.0,0.0,0.0,0.0,0.0,[],[],[]
30060,[],0,0.0,0.0,0.0,0.0,0.0,0.0,[],[],[]
30061,[],0,0.0,0.0,0.0,0.0,0.0,0.0,[],[],[]
30062,[],0,0.0,0.0,0.0,0.0,0.0,0.0,[],[],[]
30063,[],0,0.0,0.0,0.0,0.0,0.0,0.0,[],[],[]
30064,[],0,0.0,0.0,0.0,0.0,0.0,0.0,[],[],[]
30065,[],0,0.0,0.0,0.0,0.0,0.0,0.0,[],[],[]
30066,[],0,0.0,0.0,0.0,0.0,0.0,0.0,[],[],[]
30067,[],0,0.0,0.0,0.0,0.0,0.0,0.0,[],[],[]
30068,[],0,0.0,0.0,0.0,0.0,0.0,0.0,[],[],[]
30069,[],0,0.0,0.0,0.0,0.0,0.0,0.0,[],[],[]
30070,[],0,0.0,0.0,0.0,0.0,0.0,0.0,[],[],[]
30071,[],0,0.0,0.0,0.0,0.0,0.0,0.0,[],[],[]
30072,[],0,0.0,0.0,0.0,0.0,0.0,0.0,[],[],[]
30073,[],0,0.0,0.0,0.0,0.0,0.0,0.0,[],[],[]
30074,[],0,0.0,0.0,0.0,0.0,0.0,0.0,[],[],[]
30075,[],0,0.0,0.0,0.0,0.0,0.0,0.0,[],[],[]
30076,[],0,0.0,0.0,0.0,0.0,0.0,0.0,[],[],[]
30077,[],0,0.0,0.0,0.0,0.0,0.0,0.0,[],[],[]
30078,[],0,0.0,0.0,0.0,0.0,0.0,0.0,[],[],[]
30079,[],0,0.0,0.0,0.0,0.0,0.0,0.0,[],[],[]
30080,[],0,0.0,0.0,0.0,0.0,0.0,0.0,[],[],[]
30081,[],0,0.0,0.0,0.0,0.0,0.0,0.0,[],[],[]
30082,[],0,0.0,0.0,0.0,0.0,0.0,0.0,[],[],[]
30083,[],0,0.0,0.0,0.0,0.0,0.0,0.0,[],[],[]
30084,[],0,0.0,0.0,0.0,0.0,0.0,0.0,[],[],[]
30085,[],0,0.0,0.0,0.0,0.0,0.0,0.0,[],[],[]
30086,[],0,0.0,0.0,0.0,0.0,0.0,0.0,[],[],[]
30087,[],0,0.0,0.0,0.0,0.0,0.0,0.0,[],[],[]
30088,[],0,0.0,0.0,0.0,0.0,0.0,0.0,[],[],[]
30089,[],0,0.0,0.0,0.0,0.0,0.0,0.0,[],[],[]
30090,[],0,0.0,0.0,0.0,0.0,0.0,0.0,[],[],[]
30091,[],0,0.0,0.0,0.0,0.0,0.0,0.0,[],[],[]
30092,[],0,0.0,0.0,0.0,0.0,0.0,0.0,[],[],[]
30093,[],0,0.0,0.0,0.0,0.0,0.0,0.0,[],[],[]
30094,[],0,0.0,0.0,0.0,0.0,0.0,0.0,[],[],[]
30095,[],0,0.0,0.0,0.0,0.0,0.0,0.0,[],[],[]
30096,[],0,0.0,0.0,0.0,0.0,0.0,0.0,[],[],[]
30097,[],0,0.0,0.0,0.0,0.0,0.0,0.0,[],[],[]
30098,[],0,0.0,0.0,0.0,0.0,0.0,0.0,[],[],[]
30099,[],0,0.0,0.0,0.0,0.0,0.0,0.0,[],[],[]
30100,[],0,0.0,0.0,0.0,0.0,0.0,0.0,[],[],[]
30101,[],0,0.0,0.0,0.0,0.0,0.0,0.0,[],[],[]
30102,[],0,0.0,0.0,0.0,0.0,0.0,0.0,[],[],[]
30103,[],0,0.0,0.0,0.0,0.0,0.0,0.0,[],[],[]
30104,[],0,0.0,0.0,0.0,0.0,0.0,0.0,[],[],[]
30105,[],0,0.0,0.0,0.0,0.0,0.0,0.0,[],[],[]
30106,[],0,0.0,0.0,0.0,0.0,0.0,0.0,[],[],[]
30107,[],0,0.0,0.0,0.0,0.0,0.0,0.0,[],[],[]
30108,[],0,0.0,0.0,0.0,0.0,0.0,0.0,[],[],[]
30109,[],0,0.0,0.0,0.0,0.0,0.0,0.0,[],[],[]
30110,[],0,0.0,0.0,0.0,0.0,0.0,0.0,[],[],[]
30111,[],0,0.0,0.0,0.0,0.0,0.0,0.0,[],[],[]
30112,[],0,0.0,0.0,0.0,0.0,0.0,0.0,[],[],[]
30113,[],0,0.0,0.0,0.0,0.0,0.0,0.0,[],[],[]
30114,[],0,0.0,0.0,0.0,0.0,0.0,0.0,[],[],[]
30115,[],0,0.0,0.0,0.0,0.0,0.0,0.0,[],[],[]
30116,[],0,0.0,0.0,0.0,0.0,0.0,0.0,[],[],[]
30117,[],0,0.0,0.0,0.0,0.0,0.0,0.0,[],[],[]
30118,[],0,0.0,0.0,0.0,0.0,0.0,0.0,[],[],[]
30119,[],0,0.0,0.0,0.0,0.0,0.0,0.0,[],[],[]
30120,[],0,0.0,0.0,0.0,0.0,0.0,0.0,[],[],[]
30121,[],0,0.0,0.0,0.0,0.0,0.0,0.0,[],[],[]
30122,[],0,0.0,0.0,0.0,0.0,0.0,0.0,[],[],[]
30123,[],0,0.0,0.0,0.0,0.0,0.0,0.0,[],[],[]
30124,[],0,0.0,0.0,0.0,0.0,0.0,0.0,[],[],[]
30125,[],0,0.0,0.0,0.0,0.0,0.0,0.0,[],[],[]
30126,[],0,0.0,0.0,0.0,0.0,0.0,0.0,[],[],[]
30127,[],0,0.0,0.0,0.0,0.0,0.0,0.0,[],[],[]
30128,[],0,0.0,0.0,0.0,0.0,0.0,0.0,[],[],[]
30129,[],0,0.0,0.0,0.0,0.0,0.0,0.0,[],[],[]
30130,[],0,0.0,0.0,0.0,0.0,0.0,0.0,[],[],[]
30131,[],0,0.0,0.0,0.0,0.0,0.0,0.0,[],[],[]
30132,[],0,0.0,0.0,0.0,0.0,0.0,0.0,[],[],[]
30133,[],0,0.0,0.0,0.0,0.0,0.0,0.0,[],[],[]
30134,[],0,0.0,0.0,0.0,0.0,0.0,0.0,[],[],[]
30135,[],0,0.0,0.0,0.0,0.0,0.0,0.0,[],[],[]
30136,[],0,0.0,0.0,0.0,0.0,0.0,0.0,[],[],[]
30137,[],0,0.0,0.0,0.0,0.0,0.0,0.0,[],[],[]
30138,[],0,0.0,0.0,0.0,0.0,0.0,0.0,[],[],[]
30139,[],0,0.0,0.0,0.0,0.0,0.0,0.0,[],[],[]
30140,[],0,0.0,0.0,0.0,0.0,0.0,0.0,[],[],[]
30141,[1261],1,16.200000000000728,16.200000000000728,15.200000000000728,15.200000000000728,31.400000000001455,31.400000000001455,[16.2],[15.2],[31.4]
30142,[1261],1,16.200000000000728,16.200000000000728,15.200000000000728,15.200000000000728,31.400000000001455,31.400000000001455,[16.2],[15.2],[31.4]
30143,[1261],1,16.200000000000728,16.200000000000728,15.200000000000728,15.200000000000728,31.400000000001455,31.400000000001455,[16.2],[15.2],[31.4]
30144,[1261],1,16.200000000000728,16.200000000000728,15.200000000000728,15.200000000000728,31.400000000001455,31.400000000001455,[16.2],[15.2],[31.4]
30145,[1261],1,16.200000000000728,16.200000000000728,15.200000000000728,15.200000000000728,31.400000000001455,31.400000000001455,[16.2],[15.2],[31.4]
30146,[1261],1,16.200000000000728,16.200000000000728,15.200000000000728,15.200000000000728,31.400000000001455,31.400000000001455,[16.2],[15.2],[31.4]
30147,[1261],1,16.200000000000728,16.200000000000728,15.200000000000728,15.200000000000728,31.400000000001455,31.400000000001455,[16.2],[15.2],[31.4]
30148,[1261],1,16.200000000000728,16.200000000000728,15.200000000000728,15.200000000000728,31.400000000001455,31.400000000001455,[16.2],[15.2],[31.4]
30149,[1261],1,16.200000000000728,16.200000000000728,15.200000000000728,15.200000000000728,31.400000000001455,31.400000000001455,[16.2],[15.2],[31.4]
30150,[1261 1272],2,13.899999999999636,16.200000000000728,43.350000000000364,71.5,57.25,83.09999999999854,[16.2 11.6],[15.2 71.5],[31.4 83.1]
30151,[1261 1272],2,13.899999999999636,16.200000000000728,43.350000000000364,71.5,57.25,83.09999999999854,[16.2 11.6],[15.2 71.5],[31.4 83.1]
30152,[1261 1272],2,13.899999999999636,16.200000000000728,43.350000000000364,71.5,57.25,83.09999999999854,[16.2 11.6],[15.2 71.5],[31.4 83.1]
30153,[1261 1272],2,13.899999999999636,16.200000000000728,43.350000000000364,71.5,57.25,83.09999999999854,[16.2 11.6],[15.2 71.5],[31.4 83.1]
30154,[1261 1272],2,13.899999999999636,16.200000000000728,43.350000000000364,71.5,57.25,83.09999999999854,[16.2 11.6],[15.2 71.5],[31.4 83.1]
30155,[1261 1272],2,13.899999999999636,16.200000000000728,43.350000000000364,71.5,57.25,83.09999999999854,[16.2 11.6],[15.2 71.5],[31.4 83.1]
30156,[1261 1272],2,13.899999999999636,16.200000000000728,43.350000000000364,71.5,57.25,83.09999999999854,[16.2 11.6],[15.2 71.5],[31.4 83.1]
30157,[1261 1272],2,13.899999999999636,16.200000000000728,43.350000000000364,71.5,57.25,83.09999999999854,[16.2 11.6],[15.2 71.5],[31.4 83.1]
30158,[1272],1,11.599999999998545,11.599999999998545,71.5,71.5,83.09999999999854,83.09999999999854,[11.6],[71.5],[83.1]
30159,[1272],1,11.599999999998545,11.599999999998545,71.5,71.5,83.09999999999854,83.09999999999854,[11.6],[71.5],[83.1]
30160,[1272],1,11.599999999998545,11.599999999998545,71.5,71.5,83.09999999999854,83.09999999999854,[11.6],[71.5],[83.1]
30161,[1272],1,11.599999999998545,11.599999999998545,71.5,71.5,83.09999999999854,83.09999999999854,[11.6],[71.5],[83.1]
30162,[],0,0.0,0.0,0.0,0.0,0.0,0.0,[],[],[]
30163,[],0,0.0,0.0,0.0,0.0,0.0,0.0,[],[],[]
30164,[],0,0.0,0.0,0.0,0.0,0.0,0.0,[],[],[]
30165,[1286],1,0.0,0.0,20.700000000000728,20.700000000000728,20.700000000000728,20.700000000000728,[0.],[20.7],[20.7]
30166,[1288],1,0.0,0.0,67.09999999999854,67.09999999999854,67.09999999999854,67.09999999999854,[0.],[67.1],[67.1]
30167,[],0,0.0,0.0,0.0,0.0,0.0,0.0,[],[],[]
30168,[],0,0.0,0.0,0.0,0.0,0.0,0.0,[],[],[]
30169,[],0,0.0,0.0,0.0,0.0,0.0,0.0,[],[],[]
30170,[],0,0.0,0.0,0.0,0.0,0.0,0.0,[],[],[]
30171,[],0,0.0,0.0,0.0,0.0,0.0,0.0,[],[],[]
30172,[],0,0.0,0.0,0.0,0.0,0.0,0.0,[],[],[]
30173,[],0,0.0,0.0,0.0,0.0,0.0,0.0,[],[],[]
30174,[],0,0.0,0.0,0.0,0.0,0.0,0.0,[],[],[]
30175,[],0,0.0,0.0,0.0,0.0,0.0,0.0,[],[],[]
30176,[],0,0.0,0.0,0.0,0.0,0.0,0.0,[],[],[]
30177,[],0,0.0,0.0,0.0,0.0,0.0,0.0,[],[],[]
30178,[],0,0.0,0.0,0.0,0.0,0.0,0.0,[],[],[]
30179,[],0,0.0,0.0,0.0,0.0,0.0,0.0,[],[],[]
30180,[],0,0.0,0.0,0.0,0.0,0.0,0.0,[],[],[]
30181,[],0,0.0,0.0,0.0,0.0,0.0,0.0,[],[],[]
30182,[],0,0.0,0.0,0.0,0.0,0.0,0.0,[],[],[]
30183,[],0,0.0,0.0,0.0,0.0,0.0,0.0,[],[],[]
30184,[],0,0.0,0.0,0.0,0.0,0.0,0.0,[],[],[]
30185,[],0,0.0,0.0,0.0,0.0,0.0,0.0,[],[],[]
30186,[],0,0.0,0.0,0.0,0.0,0.0,0.0,[],[],[]
30187,[],0,0.0,0.0,0.0,0.0,0.0,0.0,[],[],[]
30188,[],0,0.0,0.0,0.0,0.0,0.0,0.0,[],[],[]
30189,[],0,0.0,0.0,0.0,0.0,0.0,0.0,[],[],[]
30190,[],0,0.0,0.0,0.0,0.0,0.0,0.0,[],[],[]
30191,[],0,0.0,0.0,0.0,0.0,0.0,0.0,[],[],[]
30192,[],0,0.0,0.0,0.0,0.0,0.0,0.0,[],[],[]
30193,[1320],1,97.20000000000073,97.20000000000073,45.20000000000073,45.20000000000073,142.40000000000146,142.40000000000146,[97.2],[45.2],[142.4]
30194,[1320],1,97.20000000000073,97.20000000000073,45.20000000000073,45.20000000000073,142.40000000000146,142.40000000000146,[97.2],[45.2],[142.4]
30195,[1320],1,97.20000000000073,97.20000000000073,45.20000000000073,45.20000000000073,142.40000000000146,142.40000000000146,[97.2],[45.2],[142.4]
30196,[1320],1,97.20000000000073,97.20000000000073,45.20000000000073,45.20000000000073,142.40000000000146,142.40000000000146,[97.2],[45.2],[142.4]
30197,[1320],1,97.20000000000073,97.20000000000073,45.20000000000073,45.20000000000073,142.40000000000146,142.40000000000146,[97.2],[45.2],[142.4]
30198,[1320],1,97.20000000000073,97.20000000000073,45.20000000000073,45.20000000000073,142.40000000000146,142.40000000000146,[97.2],[45.2],[142.4]
30199,[1320],1,97.20000000000073,97.20000000000073,45.20000000000073,45.20000000000073,142.40000000000146,142.40000000000146,[97.2],[45.2],[142.4]
30200,[1320],1,97.20000000000073,97.20000000000073,45.20000000000073,45.20000000000073,142.40000000000146,142.40000000000146,[97.2],[45.2],[142.4]
30201,[1320],1,97.20000000000073,97.20000000000073,45.20000000000073,45.20000000000073,142.40000000000146,142.40000000000146,[97.2],[45.2],[142.4]
30202,[1320],1,97.20000000000073,97.20000000000073,45.20000000000073,45.20000000000073,142.40000000000146,142.40000000000146,[97.2],[45.2],[142.4]
30203,[1320],1,97.20000000000073,97.20000000000073,45.20000000000073,45.20000000000073,142.40000000000146,142.40000000000146,[97.2],[45.2],[142.4]
30204,[1320],1,97.20000000000073,97.20000000000073,45.20000000000073,45.20000000000073,142.40000000000146,142.40000000000146,[97.2],[45.2],[142.4]
30205,[1320],1,97.20000000000073,97.20000000000073,45.20000000000073,45.20000000000073,142.40000000000146,142.40000000000146,[97.2],[45.2],[142.4]
30206,[1320],1,97.20000000000073,97.20000000000073,45.20000000000073,45.20000000000073,142.40000000000146,142.40000000000146,[97.2],[45.2],[142.4]
30207,[1320 1336],2,90.20000000000073,97.20000000000073,45.20000000000073,45.20000000000073,135.40000000000146,142.40000000000146,[97.2 83.2],[45.2 45.2],[142.4 128.4]
30208,[1320 1336],2,90.20000000000073,97.20000000000073,45.20000000000073,45.20000000000073,135.40000000000146,142.40000000000146,[97.2 83.2],[45.2 45.2],[142.4 128.4]
30209,[1320 1336],2,90.20000000000073,97.20000000000073,45.20000000000073,45.20000000000073,135.40000000000146,142.40000000000146,[97.2 83.2],[45.2 45.2],[142.4 128.4]
30210,[1320 1336],2,90.20000000000073,97.20000000000073,45.20000000000073,45.20000000000073,135.40000000000146,142.40000000000146,[97.2 83.2],[45.2 45.2],[142.4 128.4]
30211,[1320 1336],2,90.20000000000073,97.20000000000073,45.20000000000073,45.20000000000073,135.40000000000146,142.40000000000146,[97.2 83.2],[45.2 45.2],[142.4 128.4]
30212,[1320 1336],2,90.20000000000073,97.20000000000073,45.20000000000073,45.20000000000073,135.40000000000146,142.40000000000146,[97.2 83.2],[45.2 45.2],[142.4 128.4]
30213,[1320 1336],2,90.20000000000073,97.20000000000073,45.20000000000073,45.20000000000073,135.40000000000146,142.40000000000146,[97.2 83.2],[45.2 45.2],[142.4 128.4]
30214,[1320 1336],2,90.20000000000073,97.20000000000073,45.20000000000073,45.20000000000073,135.40000000000146,142.40000000000146,[97.2 83.2],[45.2 45.2],[142.4 128.4]
30215,[1320 1336],2,90.20000000000073,97.20000000000073,45.20000000000073,45.20000000000073,135.40000000000146,142.40000000000146,[97.2 83.2],[45.2 45.2],[142.4 128.4]
30216,[1320 1336 1349],3,84.8666666666674,97.20000000000073,45.20000000000073,45.20000000000073,130.0666666666681,142.40000000000146,[97.2 83.2 74.2],[45.2 45.2 45.2],[142.4 128.4 119.4]
30217,[1320 1336 1349],3,84.8666666666674,97.20000000000073,45.20000000000073,45.20000000000073,130.0666666666681,142.40000000000146,[97.2 83.2 74.2],[45.2 45.2 45.2],[142.4 128.4 119.4]
30218,[1320 1336 1349],3,84.8666666666674,97.20000000000073,45.20000000000073,45.20000000000073,130.0666666666681,142.40000000000146,[97.2 83.2 74.2],[45.2 45.2 45.2],[142.4 128.4 119.4]
30219,[1320 1336 1349],3,84.8666666666674,97.20000000000073,45.20000000000073,45.20000000000073,130.0666666666681,142.40000000000146,[97.2 83.2 74.2],[45.2 45.2 45.2],[142.4 128.4 119.4]
30220,[1320 1336 1349],3,84.8666666666674,97.20000000000073,45.20000000000073,45.20000000000073,130.0666666666681,142.40000000000146,[97.2 83.2 74.2],[45.2 45.2 45.2],[142.4 128.4 119.4]
30221,[1320 1336 1349],3,84.8666666666674,97.20000000000073,45.20000000000073,45.20000000000073,130.0666666666681,142.40000000000146,[97.2 83.2 74.2],[45.2 45.2 45.2],[142.4 128.4 119.4]
30222,[1320 1336 1349],3,84.8666666666674,97.20000000000073,45.20000000000073,45.20000000000073,130.0666666666681,142.40000000000146,[97.2 83.2 74.2],[45.2 45.2 45.2],[142.4 128.4 119.4]
30223,[1320 1336 1349],3,84.8666666666674,97.20000000000073,45.20000000000073,45.20000000000073,130.0666666666681,142.40000000000146,[97.2 83.2 74.2],[45.2 45.2 45.2],[142.4 128.4 119.4]
30224,[1320 1336 1349],3,84.8666666666674,97.20000000000073,45.20000000000073,45.20000000000073,130.0666666666681,142.40000000000146,[97.2 83.2 74.2],[45.2 45.2 45.2],[142.4 128.4 119.4]
30225,[1320 1336 1349],3,84.8666666666674,97.20000000000073,45.20000000000073,45.20000000000073,130.0666666666681,142.40000000000146,[97.2 83.2 74.2],[45.2 45.2 45.2],[142.4 128.4 119.4]
30226,[1320 1336 1349],3,84.8666666666674,97.20000000000073,45.20000000000073,45.20000000000073,130.0666666666681,142.40000000000146,[97.2 83.2 74.2],[45.2 45.2 45.2],[142.4 128.4 119.4]
30227,[1320 1336 1349],3,84.8666666666674,97.20000000000073,45.20000000000073,45.20000000000073,130.0666666666681,142.40000000000146,[97.2 83.2 74.2],[45.2 45.2 45.2],[142.4 128.4 119.4]
30228,[1320 1336 1349],3,84.8666666666674,97.20000000000073,45.20000000000073,45.20000000000073,130.0666666666681,142.40000000000146,[97.2 83.2 74.2],[45.2 45.2 45.2],[142.4 128.4 119.4]
30229,[1320 1336 1349],3,84.8666666666674,97.20000000000073,45.20000000000073,45.20000000000073,130.0666666666681,142.40000000000146,[97.2 83.2 74.2],[45.2 45.2 45.2],[142.4 128.4 119.4]
30230,[1320 1336 1349],3,84.8666666666674,97.20000000000073,45.20000000000073,45.20000000000073,130.0666666666681,142.40000000000146,[97.2 83.2 74.2],[45.2 45.2 45.2],[142.4 128.4 119.4]
30231,[1320 1336 1349],3,84.8666666666674,97.20000000000073,45.20000000000073,45.20000000000073,130.0666666666681,142.40000000000146,[97.2 83.2 74.2],[45.2 45.2 45.2],[142.4 128.4 119.4]
30232,[1320 1336 1349],3,84.8666666666674,97.20000000000073,45.20000000000073,45.20000000000073,130.0666666666681,142.40000000000146,[97.2 83.2 74.2],[45.2 45.2 45.2],[142.4 128.4 119.4]
30233,[1320 1336 1349],3,84.8666666666674,97.20000000000073,45.20000000000073,45.20000000000073,130.0666666666681,142.40000000000146,[97.2 83.2 74.2],[45.2 45.2 45.2],[142.4 128.4 119.4]
30234,[1320 1336 1349],3,84.8666666666674,97.20000000000073,45.20000000000073,45.20000000000073,130.0666666666681,142.40000000000146,[97.2 83.2 74.2],[45.2 45.2 45.2],[142.4 128.4 119.4]
30235,[1320 1336 1349],3,84.8666666666674,97.20000000000073,45.20000000000073,45.20000000000073,130.0666666666681,142.40000000000146,[97.2 83.2 74.2],[45.2 45.2 45.2],[142.4 128.4 119.4]
30236,[1320 1336 1349],3,84.8666666666674,97.20000000000073,45.20000000000073,45.20000000000073,130.0666666666681,142.40000000000146,[97.2 83.2 74.2],[45.2 45.2 45.2],[142.4 128.4 119.4]
30237,[1320 1336 1349],3,84.8666666666674,97.20000000000073,45.20000000000073,45.20000000000073,130.0666666666681,142.40000000000146,[97.2 83.2 74.2],[45.2 45.2 45.2],[142.4 128.4 119.4]
30238,[1320 1336 1349],3,84.8666666666674,97.20000000000073,45.20000000000073,45.20000000000073,130.0666666666681,142.40000000000146,[97.2 83.2 74.2],[45.2 45.2 45.2],[142.4 128.4 119.4]
30239,[1320 1336 1349],3,84.8666666666674,97.20000000000073,45.20000000000073,45.20000000000073,130.0666666666681,142.40000000000146,[97.2 83.2 74.2],[45.2 45.2 45.2],[142.4 128.4 119.4]
30240,[1320 1336 1349],3,84.8666666666674,97.20000000000073,45.20000000000073,45.20000000000073,130.0666666666681,142.40000000000146,[97.2 83.2 74.2],[45.2 45.2 45.2],[142.4 128.4 119.4]
30241,[1320 1336 1349],3,84.8666666666674,97.20000000000073,45.20000000000073,45.20000000000073,130.0666666666681,142.40000000000146,[97.2 83.2 74.2],[45.2 45.2 45.2],[142.4 128.4 119.4]
30242,[1320 1336 1349],3,84.8666666666674,97.20000000000073,45.20000000000073,45.20000000000073,130.0666666666681,142.40000000000146,[97.2 83.2 74.2],[45.2 45.2 45.2],[142.4 128.4 119.4]
30243,[1320 1336 1349],3,84.8666666666674,97.20000000000073,45.20000000000073,45.20000000000073,130.0666666666681,142.40000000000146,[97.2 83.2 74.2],[45.2 45.2 45.2],[142.4 128.4 119.4]
30244,[1320 1336 1349],3,84.8666666666674,97.20000000000073,45.20000000000073,45.20000000000073,130.0666666666681,142.40000000000146,[97.2 83.2 74.2],[45.2 45.2 45.2],[142.4 128.4 119.4]
30245,[1320 1336 1349],3,84.8666666666674,97.20000000000073,45.20000000000073,45.20000000000073,130.0666666666681,142.40000000000146,[97.2 83.2 74.2],[45.2 45.2 45.2],[142.4 128.4 119.4]
30246,[1320 1336 1349],3,84.8666666666674,97.20000000000073,45.20000000000073,45.20000000000073,130.0666666666681,142.40000000000146,[97.2 83.2 74.2],[45.2 45.2 45.2],[142.4 128.4 119.4]
30247,[1320 1336 1349],3,84.8666666666674,97.20000000000073,45.20000000000073,45.20000000000073,130.0666666666681,142.40000000000146,[97.2 83.2 74.2],[45.2 45.2 45.2],[142.4 128.4 119.4]
30248,[1320 1336 1349],3,84.8666666666674,97.20000000000073,45.20000000000073,45.20000000000073,130.0666666666681,142.40000000000146,[97.2 83.2 74.2],[45.2 45.2 45.2],[142.4 128.4 119.4]
30249,[1320 1336 1349],3,84.8666666666674,97.20000000000073,45.20000000000073,45.20000000000073,130.0666666666681,142.40000000000146,[97.2 83.2 74.2],[45.2 45.2 45.2],[142.4 128.4 119.4]
30250,[1320 1336 1349],3,84.8666666666674,97.20000000000073,45.20000000000073,45.20000000000073,130.0666666666681,142.40000000000146,[97.2 83.2 74.2],[45.2 45.2 45.2],[142.4 128.4 119.4]
30251,[1320 1336 1349],3,84.8666666666674,97.20000000000073,45.20000000000073,45.20000000000073,130.0666666666681,142.40000000000146,[97.2 83.2 74.2],[45.2 45.2 45.2],[142.4 128.4 119.4]
30252,[1320 1336 1349],3,84.8666666666674,97.20000000000073,45.20000000000073,45.20000000000073,130.0666666666681,142.40000000000146,[97.2 83.2 74.2],[45.2 45.2 45.2],[142.4 128.4 119.4]
30253,[1320 1336 1349],3,84.8666666666674,97.20000000000073,45.20000000000073,45.20000000000073,130.0666666666681,142.40000000000146,[97.2 83.2 74.2],[45.2 45.2 45.2],[142.4 128.4 119.4]
30254,[1320 1336 1349 1377],4,72.70000000000073,97.20000000000073,45.20000000000073,45.20000000000073,117.90000000000146,142.40000000000146,[97.2 83.2 74.2 36.2],[45.2 45.2 45.2 45.2],[142.4 128.4 119.4  81.4]
30255,[1320 1336 1349 1377],4,72.70000000000073,97.20000000000073,45.20000000000073,45.20000000000073,117.90000000000146,142.40000000000146,[97.2 83.2 74.2 36.2],[45.2 45.2 45.2 45.2],[142.4 128.4 119.4  81.4]
30256,[1320 1336 1349 1377],4,72.70000000000073,97.20000000000073,45.20000000000073,45.20000000000073,117.90000000000146,142.40000000000146,[97.2 83.2 74.2 36.2],[45.2 45.2 45.2 45.2],[142.4 128.4 119.4  81.4]
30257,[1320 1336 1349 1377],4,72.70000000000073,97.20000000000073,45.20000000000073,45.20000000000073,117.90000000000146,142.40000000000146,[97.2 83.2 74.2 36.2],[45.2 45.2 45.2 45.2],[142.4 128.4 119.4  81.4]
30258,[1320 1336 1349 1377],4,72.70000000000073,97.20000000000073,45.20000000000073,45.20000000000073,117.90000000000146,142.40000000000146,[97.2 83.2 74.2 36.2],[45.2 45.2 45.2 45.2],[142.4 128.4 119.4  81.4]
30259,[1320 1336 1349 1377],4,72.70000000000073,97.20000000000073,45.20000000000073,45.20000000000073,117.90000000000146,142.40000000000146,[97.2 83.2 74.2 36.2],[45.2 45.2 45.2 45.2],[142.4 128.4 119.4  81.4]
30260,[1320 1336 1349 1377],4,72.70000000000073,97.20000000000073,45.20000000000073,45.20000000000073,117.90000000000146,142.40000000000146,[97.2 83.2 74.2 36.2],[45.2 45.2 45.2 45.2],[142.4 128.4 119.4  81.4]
30261,[1320 1336 1349 1377],4,72.70000000000073,97.20000000000073,45.20000000000073,45.20000000000073,117.90000000000146,142.40000000000146,[97.2 83.2 74.2 36.2],[45.2 45.2 45.2 45.2],[142.4 128.4 119.4  81.4]
30262,[1320 1336 1349 1377],4,72.70000000000073,97.20000000000073,45.20000000000073,45.20000000000073,117.90000000000146,142.40000000000146,[97.2 83.2 74.2 36.2],[45.2 45.2 45.2 45.2],[142.4 128.4 119.4  81.4]
30263,[1320 1336 1349 1377],4,72.70000000000073,97.20000000000073,45.20000000000073,45.20000000000073,117.90000000000146,142.40000000000146,[97.2 83.2 74.2 36.2],[45.2 45.2 45.2 45.2],[142.4 128.4 119.4  81.4]
30264,[1320 1336 1349 1377],4,72.70000000000073,97.20000000000073,45.20000000000073,45.20000000000073,117.90000000000146,142.40000000000146,[97.2 83.2 74.2 36.2],[45.2 45.2 45.2 45.2],[142.4 128.4 119.4  81.4]
30265,[1320 1336 1349 1377],4,72.70000000000073,97.20000000000073,45.20000000000073,45.20000000000073,117.90000000000146,142.40000000000146,[97.2 83.2 74.2 36.2],[45.2 45.2 45.2 45.2],[142.4 128.4 119.4  81.4]
30266,[1320 1336 1349 1377],4,72.70000000000073,97.20000000000073,45.20000000000073,45.20000000000073,117.90000000000146,142.40000000000146,[97.2 83.2 74.2 36.2],[45.2 45.2 45.2 45.2],[142.4 128.4 119.4  81.4]
30267,[1320 1336 1349 1377],4,72.70000000000073,97.20000000000073,45.20000000000073,45.20000000000073,117.90000000000146,142.40000000000146,[97.2 83.2 74.2 36.2],[45.2 45.2 45.2 45.2],[142.4 128.4 119.4  81.4]
30268,[1320 1336 1349 1377],4,72.70000000000073,97.20000000000073,45.20000000000073,45.20000000000073,117.90000000000146,142.40000000000146,[97.2 83.2 74.2 36.2],[45.2 45.2 45.2 45.2],[142.4 128.4 119.4  81.4]
30269,[1320 1336 1349 1377],4,72.70000000000073,97.20000000000073,45.20000000000073,45.20000000000073,117.90000000000146,142.40000000000146,[97.2 83.2 74.2 36.2],[45.2 45.2 45.2 45.2],[142.4 128.4 119.4  81.4]
30270,[1320 1336 1349 1377],4,72.70000000000073,97.20000000000073,45.20000000000073,45.20000000000073,117.90000000000146,142.40000000000146,[97.2 83.2 74.2 36.2],[45.2 45.2 45.2 45.2],[142.4 128.4 119.4  81.4]
30271,[1320 1336 1349 1377],4,72.70000000000073,97.20000000000073,45.20000000000073,45.20000000000073,117.90000000000146,142.40000000000146,[97.2 83.2 74.2 36.2],[45.2 45.2 45.2 45.2],[142.4 128.4 119.4  81.4]
30272,[1320 1336 1349 1377],4,72.70000000000073,97.20000000000073,45.20000000000073,45.20000000000073,117.90000000000146,142.40000000000146,[97.2 83.2 74.2 36.2],[45.2 45.2 45.2 45.2],[142.4 128.4 119.4  81.4]
30273,[1320 1336 1349 1377],4,72.70000000000073,97.20000000000073,45.20000000000073,45.20000000000073,117.90000000000146,142.40000000000146,[97.2 83.2 74.2 36.2],[45.2 45.2 45.2 45.2],[142.4 128.4 119.4  81.4]
30274,[1320 1336 1349 1377],4,72.70000000000073,97.20000000000073,45.20000000000073,45.20000000000073,117.90000000000146,142.40000000000146,[97.2 83.2 74.2 36.2],[45.2 45.2 45.2 45.2],[142.4 128.4 119.4  81.4]
30275,[1320 1336 1349 1377],4,72.70000000000073,97.20000000000073,45.20000000000073,45.20000000000073,117.90000000000146,142.40000000000146,[97.2 83.2 74.2 36.2],[45.2 45.2 45.2 45.2],[142.4 128.4 119.4  81.4]
30276,[1320 1336 1349 1377],4,72.70000000000073,97.20000000000073,45.20000000000073,45.20000000000073,117.90000000000146,142.40000000000146,[97.2 83.2 74.2 36.2],[45.2 45.2 45.2 45.2],[142.4 128.4 119.4  81.4]
30277,[1320 1336 1349 1377],4,72.70000000000073,97.20000000000073,45.20000000000073,45.20000000000073,117.90000000000146,142.40000000000146,[97.2 83.2 74.2 36.2],[45.2 45.2 45.2 45.2],[142.4 128.4 119.4  81.4]
30278,[1320 1336 1349 1377],4,72.70000000000073,97.20000000000073,45.20000000000073,45.20000000000073,117.90000000000146,142.40000000000146,[97.2 83.2 74.2 36.2],[45.2 45.2 45.2 45.2],[142.4 128.4 119.4  81.4]
30279,[1320 1336 1349 1377],4,72.70000000000073,97.20000000000073,45.20000000000073,45.20000000000073,117.90000000000146,142.40000000000146,[97.2 83.2 74.2 36.2],[45.2 45.2 45.2 45.2],[142.4 128.4 119.4  81.4]
30280,[1320 1336 1349 1377],4,72.70000000000073,97.20000000000073,45.20000000000073,45.20000000000073,117.90000000000146,142.40000000000146,[97.2 83.2 74.2 36.2],[45.2 45.2 45.2 45.2],[142.4 128.4 119.4  81.4]
30281,[1320 1336 1349 1377],4,72.70000000000073,97.20000000000073,45.20000000000073,45.20000000000073,117.90000000000146,142.40000000000146,[97.2 83.2 74.2 36.2],[45.2 45.2 45.2 45.2],[142.4 128.4 119.4  81.4]
30282,[1320 1336 1349 1377],4,72.70000000000073,97.20000000000073,45.20000000000073,45.20000000000073,117.90000000000146,142.40000000000146,[97.2 83.2 74.2 36.2],[45.2 45.2 45.2 45.2],[142.4 128.4 119.4  81.4]
30283,[1320 1336 1349 1377],4,72.70000000000073,97.20000000000073,45.20000000000073,45.20000000000073,117.90000000000146,142.40000000000146,[97.2 83.2 74.2 36.2],[45.2 45.2 45.2 45.2],[142.4 128.4 119.4  81.4]
30284,[1320 1336 1349 1377],4,72.70000000000073,97.20000000000073,45.20000000000073,45.20000000000073,117.90000000000146,142.40000000000146,[97.2 83.2 74.2 36.2],[45.2 45.2 45.2 45.2],[142.4 128.4 119.4  81.4]
30285,[1320 1336 1349 1377],4,72.70000000000073,97.20000000000073,45.20000000000073,45.20000000000073,117.90000000000146,142.40000000000146,[97.2 83.2 74.2 36.2],[45.2 45.2 45.2 45.2],[142.4 128.4 119.4  81.4]
30286,[1320 1336 1349 1377],4,72.70000000000073,97.20000000000073,45.20000000000073,45.20000000000073,117.90000000000146,142.40000000000146,[97.2 83.2 74.2 36.2],[45.2 45.2 45.2 45.2],[142.4 128.4 119.4  81.4]
30287,[1320 1336 1349 1377],4,72.70000000000073,97.20000000000073,45.20000000000073,45.20000000000073,117.90000000000146,142.40000000000146,[97.2 83.2 74.2 36.2],[45.2 45.2 45.2 45.2],[142.4 128.4 119.4  81.4]
30288,[1320 1336 1349 1377],4,72.70000000000073,97.20000000000073,45.20000000000073,45.20000000000073,117.90000000000146,142.40000000000146,[97.2 83.2 74.2 36.2],[45.2 45.2 45.2 45.2],[142.4 128.4 119.4  81.4]
30289,[1320 1336 1349 1377],4,72.70000000000073,97.20000000000073,45.20000000000073,45.20000000000073,117.90000000000146,142.40000000000146,[97.2 83.2 74.2 36.2],[45.2 45.2 45.2 45.2],[142.4 128.4 119.4  81.4]
30290,[1320 1336 1349 1377],4,72.70000000000073,97.20000000000073,45.20000000000073,45.20000000000073,117.90000000000146,142.40000000000146,[97.2 83.2 74.2 36.2],[45.2 45.2 45.2 45.2],[142.4 128.4 119.4  81.4]
30291,[],0,0.0,0.0,0.0,0.0,0.0,0.0,[],[],[]
30292,[],0,0.0,0.0,0.0,0.0,0.0,0.0,[],[],[]
30293,[],0,0.0,0.0,0.0,0.0,0.0,0.0,[],[],[]
30294,[],0,0.0,0.0,0.0,0.0,0.0,0.0,[],[],[]
30295,[],0,0.0,0.0,0.0,0.0,0.0,0.0,[],[],[]
30296,[1425],1,0.0,0.0,39.400000000001455,39.400000000001455,39.400000000001455,39.400000000001455,[0.],[39.4],[39.4]
30297,[],0,0.0,0.0,0.0,0.0,0.0,0.0,[],[],[]
30298,[],0,0.0,0.0,0.0,0.0,0.0,0.0,[],[],[]
30299,[],0,0.0,0.0,0.0,0.0,0.0,0.0,[],[],[]
30300,[],0,0.0,0.0,0.0,0.0,0.0,0.0,[],[],[]
30301,[],0,0.0,0.0,0.0,0.0,0.0,0.0,[],[],[]
30302,[],0,0.0,0.0,0.0,0.0,0.0,0.0,[],[],[]
30303,[],0,0.0,0.0,0.0,0.0,0.0,0.0,[],[],[]
30304,[],0,0.0,0.0,0.0,0.0,0.0,0.0,[],[],[]
30305,[],0,0.0,0.0,0.0,0.0,0.0,0.0,[],[],[]
30306,[],0,0.0,0.0,0.0,0.0,0.0,0.0,[],[],[]
30307,[],0,0.0,0.0,0.0,0.0,0.0,0.0,[],[],[]
30308,[],0,0.0,0.0,0.0,0.0,0.0,0.0,[],[],[]
30309,[],0,0.0,0.0,0.0,0.0,0.0,0.0,[],[],[]
30310,[],0,0.0,0.0,0.0,0.0,0.0,0.0,[],[],[]
30311,[],0,0.0,0.0,0.0,0.0,0.0,0.0,[],[],[]
30312,[],0,0.0,0.0,0.0,0.0,0.0,0.0,[],[],[]
30313,[],0,0.0,0.0,0.0,0.0,0.0,0.0,[],[],[]
30314,[],0,0.0,0.0,0.0,0.0,0.0,0.0,[],[],[]
30315,[],0,0.0,0.0,0.0,0.0,0.0,0.0,[],[],[]
30316,[],0,0.0,0.0,0.0,0.0,0.0,0.0,[],[],[]
30317,[],0,0.0,0.0,0.0,0.0,0.0,0.0,[],[],[]
30318,[],0,0.0,0.0,0.0,0.0,0.0,0.0,[],[],[]
30319,[],0,0.0,0.0,0.0,0.0,0.0,0.0,[],[],[]
30320,[],0,0.0,0.0,0.0,0.0,0.0,0.0,[],[],[]
30321,[],0,0.0,0.0,0.0,0.0,0.0,0.0,[],[],[]
30322,[],0,0.0,0.0,0.0,0.0,0.0,0.0,[],[],[]
30323,[],0,0.0,0.0,0.0,0.0,0.0,0.0,[],[],[]
30324,[],0,0.0,0.0,0.0,0.0,0.0,0.0,[],[],[]
30325,[],0,0.0,0.0,0.0,0.0,0.0,0.0,[],[],[]
30326,[],0,0.0,0.0,0.0,0.0,0.0,0.0,[],[],[]
30327,[],0,0.0,0.0,0.0,0.0,0.0,0.0,[],[],[]
30328,[],0,0.0,0.0,0.0,0.0,0.0,0.0,[],[],[]
30329,[],0,0.0,0.0,0.0,0.0,0.0,0.0,[],[],[]
30330,[],0,0.0,0.0,0.0,0.0,0.0,0.0,[],[],[]
30331,[],0,0.0,0.0,0.0,0.0,0.0,0.0,[],[],[]
30332,[],0,0.0,0.0,0.0,0.0,0.0,0.0,[],[],[]
30333,[],0,0.0,0.0,0.0,0.0,0.0,0.0,[],[],[]
30334,[],0,0.0,0.0,0.0,0.0,0.0,0.0,[],[],[]
30335,[],0,0.0,0.0,0.0,0.0,0.0,0.0,[],[],[]
30336,[],0,0.0,0.0,0.0,0.0,0.0,0.0,[],[],[]
30337,[],0,0.0,0.0,0.0,0.0,0.0,0.0,[],[],[]
30338,[],0,0.0,0.0,0.0,0.0,0.0,0.0,[],[],[]
30339,[],0,0.0,0.0,0.0,0.0,0.0,0.0,[],[],[]
30340,[],0,0.0,0.0,0.0,0.0,0.0,0.0,[],[],[]
30341,[],0,0.0,0.0,0.0,0.0,0.0,0.0,[],[],[]
30342,[],0,0.0,0.0,0.0,0.0,0.0,0.0,[],[],[]
30343,[],0,0.0,0.0,0.0,0.0,0.0,0.0,[],[],[]
30344,[],0,0.0,0.0,0.0,0.0,0.0,0.0,[],[],[]
30345,[],0,0.0,0.0,0.0,0.0,0.0,0.0,[],[],[]
30346,[],0,0.0,0.0,0.0,0.0,0.0,0.0,[],[],[]
30347,[],0,0.0,0.0,0.0,0.0,0.0,0.0,[],[],[]
30348,[],0,0.0,0.0,0.0,0.0,0.0,0.0,[],[],[]
30349,[1478],1,129.5,129.5,38.0,38.0,167.5,167.5,[129.5],[38.],[167.5]
30350,[1478],1,129.5,129.5,38.0,38.0,167.5,167.5,[129.5],[38.],[167.5]
30351,[1478],1,129.5,129.5,38.0,38.0,167.5,167.5,[129.5],[38.],[167.5]
30352,[1478],1,129.5,129.5,38.0,38.0,167.5,167.5,[129.5],[38.],[167.5]
30353,[1478],1,129.5,129.5,38.0,38.0,167.5,167.5,[129.5],[38.],[167.5]
30354,[1478],1,129.5,129.5,38.0,38.0,167.5,167.5,[129.5],[38.],[167.5]
30355,[1478],1,129.5,129.5,38.0,38.0,167.5,167.5,[129.5],[38.],[167.5]
30356,[1478],1,129.5,129.5,38.0,38.0,167.5,167.5,[129.5],[38.],[167.5]
30357,[1478],1,129.5,129.5,38.0,38.0,167.5,167.5,[129.5],[38.],[167.5]
30358,[1478],1,129.5,129.5,38.0,38.0,167.5,167.5,[129.5],[38.],[167.5]
30359,[1478],1,129.5,129.5,38.0,38.0,167.5,167.5,[129.5],[38.],[167.5]
30360,[1478],1,129.5,129.5,38.0,38.0,167.5,167.5,[129.5],[38.],[167.5]
30361,[1478],1,129.5,129.5,38.0,38.0,167.5,167.5,[129.5],[38.],[167.5]
30362,[1478],1,129.5,129.5,38.0,38.0,167.5,167.5,[129.5],[38.],[167.5]
30363,[1478],1,129.5,129.5,38.0,38.0,167.5,167.5,[129.5],[38.],[167.5]
30364,[1478],1,129.5,129.5,38.0,38.0,167.5,167.5,[129.5],[38.],[167.5]
30365,[1478],1,129.5,129.5,38.0,38.0,167.5,167.5,[129.5],[38.],[167.5]
30366,[1478],1,129.5,129.5,38.0,38.0,167.5,167.5,[129.5],[38.],[167.5]
30367,[1478],1,129.5,129.5,38.0,38.0,167.5,167.5,[129.5],[38.],[167.5]
30368,[1478],1,129.5,129.5,38.0,38.0,167.5,167.5,[129.5],[38.],[167.5]
30369,[1478],1,129.5,129.5,38.0,38.0,167.5,167.5,[129.5],[38.],[167.5]
30370,[1478],1,129.5,129.5,38.0,38.0,167.5,167.5,[129.5],[38.],[167.5]
30371,[1478 1496],2,99.39999999999964,129.5,42.649999999999636,47.29999999999927,142.04999999999927,167.5,[129.5  69.3],[38.  47.3],[167.5 116.6]
30372,[1478 1496 1497],3,96.23333333333358,129.5,42.63333333333261,47.29999999999927,138.8666666666662,167.5,[129.5  69.3  89.9],[38.  47.3 42.6],[167.5 116.6 132.5]
30373,[1478 1496 1497],3,96.23333333333358,129.5,42.63333333333261,47.29999999999927,138.8666666666662,167.5,[129.5  69.3  89.9],[38.  47.3 42.6],[167.5 116.6 132.5]
30374,[1478 1496 1497],3,96.23333333333358,129.5,42.63333333333261,47.29999999999927,138.8666666666662,167.5,[129.5  69.3  89.9],[38.  47.3 42.6],[167.5 116.6 132.5]
30375,[1478 1496 1497],3,96.23333333333358,129.5,42.63333333333261,47.29999999999927,138.8666666666662,167.5,[129.5  69.3  89.9],[38.  47.3 42.6],[167.5 116.6 132.5]
30376,[1478 1496 1497],3,96.23333333333358,129.5,42.63333333333261,47.29999999999927,138.8666666666662,167.5,[129.5  69.3  89.9],[38.  47.3 42.6],[167.5 116.6 132.5]
30377,[1478 1496 1497],3,96.23333333333358,129.5,42.63333333333261,47.29999999999927,138.8666666666662,167.5,[129.5  69.3  89.9],[38.  47.3 42.6],[167.5 116.6 132.5]
30378,[1478 1496 1497],3,96.23333333333358,129.5,42.63333333333261,47.29999999999927,138.8666666666662,167.5,[129.5  69.3  89.9],[38.  47.3 42.6],[167.5 116.6 132.5]
30379,[1478 1496 1497],3,96.23333333333358,129.5,42.63333333333261,47.29999999999927,138.8666666666662,167.5,[129.5  69.3  89.9],[38.  47.3 42.6],[167.5 116.6 132.5]
30380,[1478 1496 1497],3,96.23333333333358,129.5,42.63333333333261,47.29999999999927,138.8666666666662,167.5,[129.5  69.3  89.9],[38.  47.3 42.6],[167.5 116.6 132.5]
30381,[1478 1496 1497],3,96.23333333333358,129.5,42.63333333333261,47.29999999999927,138.8666666666662,167.5,[129.5  69.3  89.9],[38.  47.3 42.6],[167.5 116.6 132.5]
30382,[1478 1496 1497],3,96.23333333333358,129.5,42.63333333333261,47.29999999999927,138.8666666666662,167.5,[129.5  69.3  89.9],[38.  47.3 42.6],[167.5 116.6 132.5]
30383,[1478 1496 1497],3,96.23333333333358,129.5,42.63333333333261,47.29999999999927,138.8666666666662,167.5,[129.5  69.3  89.9],[38.  47.3 42.6],[167.5 116.6 132.5]
30384,[1478 1496 1497],3,96.23333333333358,129.5,42.63333333333261,47.29999999999927,138.8666666666662,167.5,[129.5  69.3  89.9],[38.  47.3 42.6],[167.5 116.6 132.5]
30385,[1478 1496 1497],3,96.23333333333358,129.5,42.63333333333261,47.29999999999927,138.8666666666662,167.5,[129.5  69.3  89.9],[38.  47.3 42.6],[167.5 116.6 132.5]
30386,[1478 1496 1497],3,96.23333333333358,129.5,42.63333333333261,47.29999999999927,138.8666666666662,167.5,[129.5  69.3  89.9],[38.  47.3 42.6],[167.5 116.6 132.5]
30387,[1478 1496 1497],3,96.23333333333358,129.5,42.63333333333261,47.29999999999927,138.8666666666662,167.5,[129.5  69.3  89.9],[38.  47.3 42.6],[167.5 116.6 132.5]
30388,[1478 1496 1497],3,96.23333333333358,129.5,42.63333333333261,47.29999999999927,138.8666666666662,167.5,[129.5  69.3  89.9],[38.  47.3 42.6],[167.5 116.6 132.5]
30389,[1478 1496 1497],3,96.23333333333358,129.5,42.63333333333261,47.29999999999927,138.8666666666662,167.5,[129.5  69.3  89.9],[38.  47.3 42.6],[167.5 116.6 132.5]
30390,[1478 1496 1497],3,96.23333333333358,129.5,42.63333333333261,47.29999999999927,138.8666666666662,167.5,[129.5  69.3  89.9],[38.  47.3 42.6],[167.5 116.6 132.5]
30391,[1478 1496 1497],3,96.23333333333358,129.5,42.63333333333261,47.29999999999927,138.8666666666662,167.5,[129.5  69.3  89.9],[38.  47.3 42.6],[167.5 116.6 132.5]
30392,[1478 1496 1497],3,96.23333333333358,129.5,42.63333333333261,47.29999999999927,138.8666666666662,167.5,[129.5  69.3  89.9],[38.  47.3 42.6],[167.5 116.6 132.5]
30393,[1478 1496 1497],3,96.23333333333358,129.5,42.63333333333261,47.29999999999927,138.8666666666662,167.5,[129.5  69.3  89.9],[38.  47.3 42.6],[167.5 116.6 132.5]
30394,[1478 1496 1497],3,96.23333333333358,129.5,42.63333333333261,47.29999999999927,138.8666666666662,167.5,[129.5  69.3  89.9],[38.  47.3 42.6],[167.5 116.6 132.5]
30395,[1478 1496 1497],3,96.23333333333358,129.5,42.63333333333261,47.29999999999927,138.8666666666662,167.5,[129.5  69.3  89.9],[38.  47.3 42.6],[167.5 116.6 132.5]
30396,[1478 1496 1497],3,96.23333333333358,129.5,42.63333333333261,47.29999999999927,138.8666666666662,167.5,[129.5  69.3  89.9],[38.  47.3 42.6],[167.5 116.6 132.5]
30397,[1478 1496 1497],3,96.23333333333358,129.5,42.63333333333261,47.29999999999927,138.8666666666662,167.5,[129.5  69.3  89.9],[38.  47.3 42.6],[167.5 116.6 132.5]
30398,[1478 1496 1497],3,96.23333333333358,129.5,42.63333333333261,47.29999999999927,138.8666666666662,167.5,[129.5  69.3  89.9],[38.  47.3 42.6],[167.5 116.6 132.5]
30399,[1478 1496 1497],3,96.23333333333358,129.5,42.63333333333261,47.29999999999927,138.8666666666662,167.5,[129.5  69.3  89.9],[38.  47.3 42.6],[167.5 116.6 132.5]
30400,[1478 1496 1497],3,96.23333333333358,129.5,42.63333333333261,47.29999999999927,138.8666666666662,167.5,[129.5  69.3  89.9],[38.  47.3 42.6],[167.5 116.6 132.5]
30401,[1478 1496 1497],3,96.23333333333358,129.5,42.63333333333261,47.29999999999927,138.8666666666662,167.5,[129.5  69.3  89.9],[38.  47.3 42.6],[167.5 116.6 132.5]
30402,[1478 1496 1497],3,96.23333333333358,129.5,42.63333333333261,47.29999999999927,138.8666666666662,167.5,[129.5  69.3  89.9],[38.  47.3 42.6],[167.5 116.6 132.5]
30403,[1478 1496 1497],3,96.23333333333358,129.5,42.63333333333261,47.29999999999927,138.8666666666662,167.5,[129.5  69.3  89.9],[38.  47.3 42.6],[167.5 116.6 132.5]
30404,[1478 1496 1497],3,96.23333333333358,129.5,42.63333333333261,47.29999999999927,138.8666666666662,167.5,[129.5  69.3  89.9],[38.  47.3 42.6],[167.5 116.6 132.5]
30405,[1478 1496 1497],3,96.23333333333358,129.5,42.63333333333261,47.29999999999927,138.8666666666662,167.5,[129.5  69.3  89.9],[38.  47.3 42.6],[167.5 116.6 132.5]
30406,[1478 1496 1497],3,96.23333333333358,129.5,42.63333333333261,47.29999999999927,138.8666666666662,167.5,[129.5  69.3  89.9],[38.  47.3 42.6],[167.5 116.6 132.5]
30407,[1478 1496 1497],3,96.23333333333358,129.5,42.63333333333261,47.29999999999927,138.8666666666662,167.5,[129.5  69.3  89.9],[38.  47.3 42.6],[167.5 116.6 132.5]
30408,[1478 1496 1497],3,96.23333333333358,129.5,42.63333333333261,47.29999999999927,138.8666666666662,167.5,[129.5  69.3  89.9],[38.  47.3 42.6],[167.5 116.6 132.5]
30409,[1478 1496 1497],3,96.23333333333358,129.5,42.63333333333261,47.29999999999927,138.8666666666662,167.5,[129.5  69.3  89.9],[38.  47.3 42.6],[167.5 116.6 132.5]
30410,[1478 1496 1497 1541],4,79.75,129.5,43.79999999999927,47.29999999999927,123.54999999999927,167.5,[129.5  69.3  89.9  30.3],[38.  47.3 42.6 47.3],[167.5 116.6 132.5  77.6]
30411,[1478 1496 1497 1541],4,79.75,129.5,43.79999999999927,47.29999999999927,123.54999999999927,167.5,[129.5  69.3  89.9  30.3],[38.  47.3 42.6 47.3],[167.5 116.6 132.5  77.6]
30412,[1478 1496 1497 1541],4,79.75,129.5,43.79999999999927,47.29999999999927,123.54999999999927,167.5,[129.5  69.3  89.9  30.3],[38.  47.3 42.6 47.3],[167.5 116.6 132.5  77.6]
30413,[1478 1496 1497 1541],4,79.75,129.5,43.79999999999927,47.29999999999927,123.54999999999927,167.5,[129.5  69.3  89.9  30.3],[38.  47.3 42.6 47.3],[167.5 116.6 132.5  77.6]
30414,[1478 1496 1497 1541],4,79.75,129.5,43.79999999999927,47.29999999999927,123.54999999999927,167.5,[129.5  69.3  89.9  30.3],[38.  47.3 42.6 47.3],[167.5 116.6 132.5  77.6]
30415,[1478 1496 1497 1541],4,79.75,129.5,43.79999999999927,47.29999999999927,123.54999999999927,167.5,[129.5  69.3  89.9  30.3],[38.  47.3 42.6 47.3],[167.5 116.6 132.5  77.6]
30416,[1478 1496 1497 1541],4,79.75,129.5,43.79999999999927,47.29999999999927,123.54999999999927,167.5,[129.5  69.3  89.9  30.3],[38.  47.3 42.6 47.3],[167.5 116.6 132.5  77.6]
30417,[1478 1496 1497 1541],4,79.75,129.5,43.79999999999927,47.29999999999927,123.54999999999927,167.5,[129.5  69.3  89.9  30.3],[38.  47.3 42.6 47.3],[167.5 116.6 132.5  77.6]
30418,[1478 1496 1497 1541],4,79.75,129.5,43.79999999999927,47.29999999999927,123.54999999999927,167.5,[129.5  69.3  89.9  30.3],[38.  47.3 42.6 47.3],[167.5 116.6 132.5  77.6]
30419,[1478 1496 1497 1541],4,79.75,129.5,43.79999999999927,47.29999999999927,123.54999999999927,167.5,[129.5  69.3  89.9  30.3],[38.  47.3 42.6 47.3],[167.5 116.6 132.5  77.6]
30420,[1478 1496 1497 1541],4,79.75,129.5,43.79999999999927,47.29999999999927,123.54999999999927,167.5,[129.5  69.3  89.9  30.3],[38.  47.3 42.6 47.3],[167.5 116.6 132.5  77.6]
30421,[1478 1496 1497 1541],4,79.75,129.5,43.79999999999927,47.29999999999927,123.54999999999927,167.5,[129.5  69.3  89.9  30.3],[38.  47.3 42.6 47.3],[167.5 116.6 132.5  77.6]
30422,[1478 1496 1497 1541],4,79.75,129.5,43.79999999999927,47.29999999999927,123.54999999999927,167.5,[129.5  69.3  89.9  30.3],[38.  47.3 42.6 47.3],[167.5 116.6 132.5  77.6]
30423,[1478 1496 1497 1541],4,79.75,129.5,43.79999999999927,47.29999999999927,123.54999999999927,167.5,[129.5  69.3  89.9  30.3],[38.  47.3 42.6 47.3],[167.5 116.6 132.5  77.6]
30424,[1478 1496 1497 1541],4,79.75,129.5,43.79999999999927,47.29999999999927,123.54999999999927,167.5,[129.5  69.3  89.9  30.3],[38.  47.3 42.6 47.3],[167.5 116.6 132.5  77.6]
30425,[1478 1496 1497 1541],4,79.75,129.5,43.79999999999927,47.29999999999927,123.54999999999927,167.5,[129.5  69.3  89.9  30.3],[38.  47.3 42.6 47.3],[167.5 116.6 132.5  77.6]
30426,[1478 1496 1497 1541],4,79.75,129.5,43.79999999999927,47.29999999999927,123.54999999999927,167.5,[129.5  69.3  89.9  30.3],[38.  47.3 42.6 47.3],[167.5 116.6 132.5  77.6]
30427,[1478 1496 1497 1541],4,79.75,129.5,43.79999999999927,47.29999999999927,123.54999999999927,167.5,[129.5  69.3  89.9  30.3],[38.  47.3 42.6 47.3],[167.5 116.6 132.5  77.6]
30428,[1478 1496 1497 1541],4,79.75,129.5,43.79999999999927,47.29999999999927,123.54999999999927,167.5,[129.5  69.3  89.9  30.3],[38.  47.3 42.6 47.3],[167.5 116.6 132.5  77.6]
30429,[1478 1496 1497 1541],4,79.75,129.5,43.79999999999927,47.29999999999927,123.54999999999927,167.5,[129.5  69.3  89.9  30.3],[38.  47.3 42.6 47.3],[167.5 116.6 132.5  77.6]
30430,[1478 1496 1497 1541],4,79.75,129.5,43.79999999999927,47.29999999999927,123.54999999999927,167.5,[129.5  69.3  89.9  30.3],[38.  47.3 42.6 47.3],[167.5 116.6 132.5  77.6]
30431,[1478 1496 1497 1541],4,79.75,129.5,43.79999999999927,47.29999999999927,123.54999999999927,167.5,[129.5  69.3  89.9  30.3],[38.  47.3 42.6 47.3],[167.5 116.6 132.5  77.6]
30432,[1478 1496 1497 1541],4,79.75,129.5,43.79999999999927,47.29999999999927,123.54999999999927,167.5,[129.5  69.3  89.9  30.3],[38.  47.3 42.6 47.3],[167.5 116.6 132.5  77.6]
30433,[1478 1496 1497 1541],4,79.75,129.5,43.79999999999927,47.29999999999927,123.54999999999927,167.5,[129.5  69.3  89.9  30.3],[38.  47.3 42.6 47.3],[167.5 116.6 132.5  77.6]
30434,[1478 1496 1497 1541],4,79.75,129.5,43.79999999999927,47.29999999999927,123.54999999999927,167.5,[129.5  69.3  89.9  30.3],[38.  47.3 42.6 47.3],[167.5 116.6 132.5  77.6]
30435,[1478 1496 1497 1541],4,79.75,129.5,43.79999999999927,47.29999999999927,123.54999999999927,167.5,[129.5  69.3  89.9  30.3],[38.  47.3 42.6 47.3],[167.5 116.6 132.5  77.6]
30436,[1478 1496 1497 1541],4,79.75,129.5,43.79999999999927,47.29999999999927,123.54999999999927,167.5,[129.5  69.3  89.9  30.3],[38.  47.3 42.6 47.3],[167.5 116.6 132.5  77.6]
30437,[1478 1496 1497 1541],4,79.75,129.5,43.79999999999927,47.29999999999927,123.54999999999927,167.5,[129.5  69.3  89.9  30.3],[38.  47.3 42.6 47.3],[167.5 116.6 132.5  77.6]
30438,[1478 1496 1497 1541],4,79.75,129.5,43.79999999999927,47.29999999999927,123.54999999999927,167.5,[129.5  69.3  89.9  30.3],[38.  47.3 42.6 47.3],[167.5 116.6 132.5  77.6]
30439,[1478 1496 1497 1541],4,79.75,129.5,43.79999999999927,47.29999999999927,123.54999999999927,167.5,[129.5  69.3  89.9  30.3],[38.  47.3 42.6 47.3],[167.5 116.6 132.5  77.6]
30440,[1478 1496 1497 1541],4,79.75,129.5,43.79999999999927,47.29999999999927,123.54999999999927,167.5,[129.5  69.3  89.9  30.3],[38.  47.3 42.6 47.3],[167.5 116.6 132.5  77.6]
30441,[1478 1497],2,109.70000000000073,129.5,40.29999999999927,42.599999999998545,150.0,167.5,[129.5  89.9],[38.  42.6],[167.5 132.5]
30442,[1478 1497],2,109.70000000000073,129.5,40.29999999999927,42.599999999998545,150.0,167.5,[129.5  89.9],[38.  42.6],[167.5 132.5]
30443,[1478 1497],2,109.70000000000073,129.5,40.29999999999927,42.599999999998545,150.0,167.5,[129.5  89.9],[38.  42.6],[167.5 132.5]
30444,[1478 1497],2,109.70000000000073,129.5,40.29999999999927,42.599999999998545,150.0,167.5,[129.5  89.9],[38.  42.6],[167.5 132.5]
30445,[1478 1497],2,109.70000000000073,129.5,40.29999999999927,42.599999999998545,150.0,167.5,[129.5  89.9],[38.  42.6],[167.5 132.5]
30446,[1478 1497],2,109.70000000000073,129.5,40.29999999999927,42.599999999998545,150.0,167.5,[129.5  89.9],[38.  42.6],[167.5 132.5]
30447,[1478 1497],2,109.70000000000073,129.5,40.29999999999927,42.599999999998545,150.0,167.5,[129.5  89.9],[38.  42.6],[167.5 132.5]
30448,[1478 1497],2,109.70000000000073,129.5,40.29999999999927,42.599999999998545,150.0,167.5,[129.5  89.9],[38.  42.6],[167.5 132.5]
30449,[1478 1497 1574],3,73.13333333333382,129.5,39.73333333333236,42.599999999998545,112.86666666666618,167.5,[129.5  89.9   0. ],[38.  42.6 38.6],[167.5 132.5  38.6]
30450,[1478 1497],2,109.70000000000073,129.5,40.29999999999927,42.599999999998545,150.0,167.5,[129.5  89.9],[38.  42.6],[167.5 132.5]
30451,[1478 1497],2,109.70000000000073,129.5,40.29999999999927,42.599999999998545,150.0,167.5,[129.5  89.9],[38.  42.6],[167.5 132.5]
30452,[1478 1497],2,109.70000000000073,129.5,40.29999999999927,42.599999999998545,150.0,167.5,[129.5  89.9],[38.  42.6],[167.5 132.5]
30453,[1478 1497],2,109.70000000000073,129.5,40.29999999999927,42.599999999998545,150.0,167.5,[129.5  89.9],[38.  42.6],[167.5 132.5]
30454,[1478 1497],2,109.70000000000073,129.5,40.29999999999927,42.599999999998545,150.0,167.5,[129.5  89.9],[38.  42.6],[167.5 132.5]
30455,[1478 1497],2,109.70000000000073,129.5,40.29999999999927,42.599999999998545,150.0,167.5,[129.5  89.9],[38.  42.6],[167.5 132.5]
30456,[1478 1497],2,109.70000000000073,129.5,40.29999999999927,42.599999999998545,150.0,167.5,[129.5  89.9],[38.  42.6],[167.5 132.5]
30457,[1478 1497],2,109.70000000000073,129.5,40.29999999999927,42.599999999998545,150.0,167.5,[129.5  89.9],[38.  42.6],[167.5 132.5]
30458,[1478 1497 1586],3,74.60000000000097,129.5,46.73333333333236,59.599999999998545,121.33333333333333,167.5,[129.5  89.9   4.4],[38.  42.6 59.6],[167.5 132.5  64. ]
30459,[1478 1497 1586 1588],4,56.67500000000109,129.5,45.69999999999891,59.599999999998545,102.375,167.5,[129.5  89.9   4.4   2.9],[38.  42.6 59.6 42.6],[167.5 132.5  64.   45.5]
30460,[1478 1497 1586 1588],4,56.67500000000109,129.5,45.69999999999891,59.599999999998545,102.375,167.5,[129.5  89.9   4.4   2.9],[38.  42.6 59.6 42.6],[167.5 132.5  64.   45.5]
30461,[1478 1497 1586 1588],4,56.67500000000109,129.5,45.69999999999891,59.599999999998545,102.375,167.5,[129.5  89.9   4.4   2.9],[38.  42.6 59.6 42.6],[167.5 132.5  64.   45.5]
30462,[1478 1586],2,66.95000000000073,129.5,48.79999999999927,59.599999999998545,115.75,167.5,[129.5   4.4],[38.  59.6],[167.5  64. ]
30463,[1478],1,129.5,129.5,38.0,38.0,167.5,167.5,[129.5],[38.],[167.5]
30464,[1478],1,129.5,129.5,38.0,38.0,167.5,167.5,[129.5],[38.],[167.5]
30465,[1478],1,129.5,129.5,38.0,38.0,167.5,167.5,[129.5],[38.],[167.5]
30466,[1478],1,129.5,129.5,38.0,38.0,167.5,167.5,[129.5],[38.],[167.5]
30467,[1478],1,129.5,129.5,38.0,38.0,167.5,167.5,[129.5],[38.],[167.5]
30468,[1478],1,129.5,129.5,38.0,38.0,167.5,167.5,[129.5],[38.],[167.5]
30469,[1478],1,129.5,129.5,38.0,38.0,167.5,167.5,[129.5],[38.],[167.5]
30470,[1478],1,129.5,129.5,38.0,38.0,167.5,167.5,[129.5],[38.],[167.5]
30471,[1478],1,129.5,129.5,38.0,38.0,167.5,167.5,[129.5],[38.],[167.5]
30472,[1478],1,129.5,129.5,38.0,38.0,167.5,167.5,[129.5],[38.],[167.5]
30473,[1478],1,129.5,129.5,38.0,38.0,167.5,167.5,[129.5],[38.],[167.5]
30474,[1478],1,129.5,129.5,38.0,38.0,167.5,167.5,[129.5],[38.],[167.5]
30475,[1478],1,129.5,129.5,38.0,38.0,167.5,167.5,[129.5],[38.],[167.5]
30476,[1478 1605],2,96.64999999999964,129.5,53.0,68.0,149.64999999999964,167.5,[129.5  63.8],[38. 68.],[167.5 131.8]
30477,[1478 1605],2,96.64999999999964,129.5,53.0,68.0,149.64999999999964,167.5,[129.5  63.8],[38. 68.],[167.5 131.8]
30478,[1478 1605],2,96.64999999999964,129.5,53.0,68.0,149.64999999999964,167.5,[129.5  63.8],[38. 68.],[167.5 131.8]
30479,[1605],1,63.79999999999927,63.79999999999927,68.0,68.0,131.79999999999927,131.79999999999927,[63.8],[68.],[131.8]
30480,[1605],1,63.79999999999927,63.79999999999927,68.0,68.0,131.79999999999927,131.79999999999927,[63.8],[68.],[131.8]
30481,[1605],1,63.79999999999927,63.79999999999927,68.0,68.0,131.79999999999927,131.79999999999927,[63.8],[68.],[131.8]
30482,[1605],1,63.79999999999927,63.79999999999927,68.0,68.0,131.79999999999927,131.79999999999927,[63.8],[68.],[131.8]
30483,[1605],1,63.79999999999927,63.79999999999927,68.0,68.0,131.79999999999927,131.79999999999927,[63.8],[68.],[131.8]
30484,[1605 1612],2,39.69999999999891,63.79999999999927,71.10000000000036,74.20000000000073,110.79999999999927,131.79999999999927,[63.8 15.6],[68.  74.2],[131.8  89.8]
30485,[1605 1612],2,39.69999999999891,63.79999999999927,71.10000000000036,74.20000000000073,110.79999999999927,131.79999999999927,[63.8 15.6],[68.  74.2],[131.8  89.8]
30486,[1605 1612],2,39.69999999999891,63.79999999999927,71.10000000000036,74.20000000000073,110.79999999999927,131.79999999999927,[63.8 15.6],[68.  74.2],[131.8  89.8]
30487,[1605 1612],2,39.69999999999891,63.79999999999927,71.10000000000036,74.20000000000073,110.79999999999927,131.79999999999927,[63.8 15.6],[68.  74.2],[131.8  89.8]
30488,[1605 1612],2,39.69999999999891,63.79999999999927,71.10000000000036,74.20000000000073,110.79999999999927,131.79999999999927,[63.8 15.6],[68.  74.2],[131.8  89.8]
30489,[1605 1612],2,39.69999999999891,63.79999999999927,71.10000000000036,74.20000000000073,110.79999999999927,131.79999999999927,[63.8 15.6],[68.  74.2],[131.8  89.8]
30490,[1605 1612],2,39.69999999999891,63.79999999999927,71.10000000000036,74.20000000000073,110.79999999999927,131.79999999999927,[63.8 15.6],[68.  74.2],[131.8  89.8]
30491,[1605 1612],2,39.69999999999891,63.79999999999927,71.10000000000036,74.20000000000073,110.79999999999927,131.79999999999927,[63.8 15.6],[68.  74.2],[131.8  89.8]
30492,[1605 1612],2,39.69999999999891,63.79999999999927,71.10000000000036,74.20000000000073,110.79999999999927,131.79999999999927,[63.8 15.6],[68.  74.2],[131.8  89.8]
30493,[1605 1612],2,39.69999999999891,63.79999999999927,71.10000000000036,74.20000000000073,110.79999999999927,131.79999999999927,[63.8 15.6],[68.  74.2],[131.8  89.8]
30494,[1605 1612],2,39.69999999999891,63.79999999999927,71.10000000000036,74.20000000000073,110.79999999999927,131.79999999999927,[63.8 15.6],[68.  74.2],[131.8  89.8]
30495,[1605 1612],2,39.69999999999891,63.79999999999927,71.10000000000036,74.20000000000073,110.79999999999927,131.79999999999927,[63.8 15.6],[68.  74.2],[131.8  89.8]
30496,[1605 1612],2,39.69999999999891,63.79999999999927,71.10000000000036,74.20000000000073,110.79999999999927,131.79999999999927,[63.8 15.6],[68.  74.2],[131.8  89.8]
30497,[1605 1612],2,39.69999999999891,63.79999999999927,71.10000000000036,74.20000000000073,110.79999999999927,131.79999999999927,[63.8 15.6],[68.  74.2],[131.8  89.8]
30498,[1605 1612],2,39.69999999999891,63.79999999999927,71.10000000000036,74.20000000000073,110.79999999999927,131.79999999999927,[63.8 15.6],[68.  74.2],[131.8  89.8]
30499,[1605 1612],2,39.69999999999891,63.79999999999927,71.10000000000036,74.20000000000073,110.79999999999927,131.79999999999927,[63.8 15.6],[68.  74.2],[131.8  89.8]
30500,[1605],1,63.79999999999927,63.79999999999927,68.0,68.0,131.79999999999927,131.79999999999927,[63.8],[68.],[131.8]
30501,[1605],1,63.79999999999927,63.79999999999927,68.0,68.0,131.79999999999927,131.79999999999927,[63.8],[68.],[131.8]
30502,[1605],1,63.79999999999927,63.79999999999927,68.0,68.0,131.79999999999927,131.79999999999927,[63.8],[68.],[131.8]
30503,[1605],1,63.79999999999927,63.79999999999927,68.0,68.0,131.79999999999927,131.79999999999927,[63.8],[68.],[131.8]
30504,[1605],1,63.79999999999927,63.79999999999927,68.0,68.0,131.79999999999927,131.79999999999927,[63.8],[68.],[131.8]
30505,[1605],1,63.79999999999927,63.79999999999927,68.0,68.0,131.79999999999927,131.79999999999927,[63.8],[68.],[131.8]
30506,[1605 1635],2,48.79999999999927,63.79999999999927,82.45000000000073,96.90000000000146,131.25,131.79999999999927,[63.8 33.8],[68.  96.9],[131.8 130.7]
30507,[1605 1635],2,48.79999999999927,63.79999999999927,82.45000000000073,96.90000000000146,131.25,131.79999999999927,[63.8 33.8],[68.  96.9],[131.8 130.7]
30508,[1605 1635],2,48.79999999999927,63.79999999999927,82.45000000000073,96.90000000000146,131.25,131.79999999999927,[63.8 33.8],[68.  96.9],[131.8 130.7]
30509,[1605 1635],2,48.79999999999927,63.79999999999927,82.45000000000073,96.90000000000146,131.25,131.79999999999927,[63.8 33.8],[68.  96.9],[131.8 130.7]
30510,[1605 1635],2,48.79999999999927,63.79999999999927,82.45000000000073,96.90000000000146,131.25,131.79999999999927,[63.8 33.8],[68.  96.9],[131.8 130.7]
30511,[1605 1635],2,48.79999999999927,63.79999999999927,82.45000000000073,96.90000000000146,131.25,131.79999999999927,[63.8 33.8],[68.  96.9],[131.8 130.7]
30512,[1605 1635],2,48.79999999999927,63.79999999999927,82.45000000000073,96.90000000000146,131.25,131.79999999999927,[63.8 33.8],[68.  96.9],[131.8 130.7]
30513,[1605 1635],2,48.79999999999927,63.79999999999927,82.45000000000073,96.90000000000146,131.25,131.79999999999927,[63.8 33.8],[68.  96.9],[131.8 130.7]
30514,[1605 1635],2,48.79999999999927,63.79999999999927,82.45000000000073,96.90000000000146,131.25,131.79999999999927,[63.8 33.8],[68.  96.9],[131.8 130.7]
30515,[1605 1635],2,48.79999999999927,63.79999999999927,82.45000000000073,96.90000000000146,131.25,131.79999999999927,[63.8 33.8],[68.  96.9],[131.8 130.7]
30516,[1605 1635],2,48.79999999999927,63.79999999999927,82.45000000000073,96.90000000000146,131.25,131.79999999999927,[63.8 33.8],[68.  96.9],[131.8 130.7]
30517,[1605 1635],2,48.79999999999927,63.79999999999927,82.45000000000073,96.90000000000146,131.25,131.79999999999927,[63.8 33.8],[68.  96.9],[131.8 130.7]
30518,[1605 1635],2,48.79999999999927,63.79999999999927,82.45000000000073,96.90000000000146,131.25,131.79999999999927,[63.8 33.8],[68.  96.9],[131.8 130.7]
30519,[1605 1635],2,48.79999999999927,63.79999999999927,82.45000000000073,96.90000000000146,131.25,131.79999999999927,[63.8 33.8],[68.  96.9],[131.8 130.7]
30520,[1605 1635],2,48.79999999999927,63.79999999999927,82.45000000000073,96.90000000000146,131.25,131.79999999999927,[63.8 33.8],[68.  96.9],[131.8 130.7]
30521,[1605 1635],2,48.79999999999927,63.79999999999927,82.45000000000073,96.90000000000146,131.25,131.79999999999927,[63.8 33.8],[68.  96.9],[131.8 130.7]
30522,[1605 1635],2,48.79999999999927,63.79999999999927,82.45000000000073,96.90000000000146,131.25,131.79999999999927,[63.8 33.8],[68.  96.9],[131.8 130.7]
30523,[1605 1635],2,48.79999999999927,63.79999999999927,82.45000000000073,96.90000000000146,131.25,131.79999999999927,[63.8 33.8],[68.  96.9],[131.8 130.7]
30524,[1605 1635],2,48.79999999999927,63.79999999999927,82.45000000000073,96.90000000000146,131.25,131.79999999999927,[63.8 33.8],[68.  96.9],[131.8 130.7]
30525,[1605 1635],2,48.79999999999927,63.79999999999927,82.45000000000073,96.90000000000146,131.25,131.79999999999927,[63.8 33.8],[68.  96.9],[131.8 130.7]
30526,[1605 1635],2,48.79999999999927,63.79999999999927,82.45000000000073,96.90000000000146,131.25,131.79999999999927,[63.8 33.8],[68.  96.9],[131.8 130.7]
30527,[1605 1635],2,48.79999999999927,63.79999999999927,82.45000000000073,96.90000000000146,131.25,131.79999999999927,[63.8 33.8],[68.  96.9],[131.8 130.7]
30528,[1605 1635],2,48.79999999999927,63.79999999999927,82.45000000000073,96.90000000000146,131.25,131.79999999999927,[63.8 33.8],[68.  96.9],[131.8 130.7]
30529,[1605 1635],2,48.79999999999927,63.79999999999927,82.45000000000073,96.90000000000146,131.25,131.79999999999927,[63.8 33.8],[68.  96.9],[131.8 130.7]
30530,[1605 1635],2,48.79999999999927,63.79999999999927,82.45000000000073,96.90000000000146,131.25,131.79999999999927,[63.8 33.8],[68.  96.9],[131.8 130.7]
30531,[1605 1635],2,48.79999999999927,63.79999999999927,82.45000000000073,96.90000000000146,131.25,131.79999999999927,[63.8 33.8],[68.  96.9],[131.8 130.7]
30532,[1605 1635],2,48.79999999999927,63.79999999999927,82.45000000000073,96.90000000000146,131.25,131.79999999999927,[63.8 33.8],[68.  96.9],[131.8 130.7]
30533,[1605 1635],2,48.79999999999927,63.79999999999927,82.45000000000073,96.90000000000146,131.25,131.79999999999927,[63.8 33.8],[68.  96.9],[131.8 130.7]
30534,[1605 1635],2,48.79999999999927,63.79999999999927,82.45000000000073,96.90000000000146,131.25,131.79999999999927,[63.8 33.8],[68.  96.9],[131.8 130.7]
30535,[1605 1635 1667],3,34.13333333333261,63.79999999999927,77.63333333333382,96.90000000000146,111.76666666666642,131.79999999999927,[63.8 33.8  4.8],[68.  96.9 68. ],[131.8 130.7  72.8]
30536,[1605 1635 1667],3,34.13333333333261,63.79999999999927,77.63333333333382,96.90000000000146,111.76666666666642,131.79999999999927,[63.8 33.8  4.8],[68.  96.9 68. ],[131.8 130.7  72.8]
30537,[1605 1635 1667 1671],4,26.299999999999272,63.79999999999927,82.45000000000073,96.90000000000146,108.75,131.79999999999927,[63.8 33.8  4.8  2.8],[68.  96.9 68.  96.9],[131.8 130.7  72.8  99.7]
30538,[1605 1635 1667 1671],4,26.299999999999272,63.79999999999927,82.45000000000073,96.90000000000146,108.75,131.79999999999927,[63.8 33.8  4.8  2.8],[68.  96.9 68.  96.9],[131.8 130.7  72.8  99.7]
30539,[1605 1635 1667 1671],4,26.299999999999272,63.79999999999927,82.45000000000073,96.90000000000146,108.75,131.79999999999927,[63.8 33.8  4.8  2.8],[68.  96.9 68.  96.9],[131.8 130.7  72.8  99.7]
30540,[],0,0.0,0.0,0.0,0.0,0.0,0.0,[],[],[]
30541,[],0,0.0,0.0,0.0,0.0,0.0,0.0,[],[],[]
30542,[],0,0.0,0.0,0.0,0.0,0.0,0.0,[],[],[]
30543,[],0,0.0,0.0,0.0,0.0,0.0,0.0,[],[],[]
30544,[],0,0.0,0.0,0.0,0.0,0.0,0.0,[],[],[]
30545,[],0,0.0,0.0,0.0,0.0,0.0,0.0,[],[],[]
30546,[],0,0.0,0.0,0.0,0.0,0.0,0.0,[],[],[]
30547,[],0,0.0,0.0,0.0,0.0,0.0,0.0,[],[],[]
30548,[],0,0.0,0.0,0.0,0.0,0.0,0.0,[],[],[]
30549,[],0,0.0,0.0,0.0,0.0,0.0,0.0,[],[],[]
30550,[],0,0.0,0.0,0.0,0.0,0.0,0.0,[],[],[]
30551,[],0,0.0,0.0,0.0,0.0,0.0,0.0,[],[],[]
30552,[],0,0.0,0.0,0.0,0.0,0.0,0.0,[],[],[]
30553,[],0,0.0,0.0,0.0,0.0,0.0,0.0,[],[],[]
30554,[1686],1,105.5,105.5,26.299999999999272,26.299999999999272,131.79999999999927,131.79999999999927,[105.5],[26.3],[131.8]
30555,[1686],1,105.5,105.5,26.299999999999272,26.299999999999272,131.79999999999927,131.79999999999927,[105.5],[26.3],[131.8]
30556,[1686],1,105.5,105.5,26.299999999999272,26.299999999999272,131.79999999999927,131.79999999999927,[105.5],[26.3],[131.8]
30557,[1686],1,105.5,105.5,26.299999999999272,26.299999999999272,131.79999999999927,131.79999999999927,[105.5],[26.3],[131.8]
30558,[1686],1,105.5,105.5,26.299999999999272,26.299999999999272,131.79999999999927,131.79999999999927,[105.5],[26.3],[131.8]
30559,[1686],1,105.5,105.5,26.299999999999272,26.299999999999272,131.79999999999927,131.79999999999927,[105.5],[26.3],[131.8]
30560,[1686],1,105.5,105.5,26.299999999999272,26.299999999999272,131.79999999999927,131.79999999999927,[105.5],[26.3],[131.8]
30561,[1686],1,105.5,105.5,26.299999999999272,26.299999999999272,131.79999999999927,131.79999999999927,[105.5],[26.3],[131.8]
30562,[1686],1,105.5,105.5,26.299999999999272,26.299999999999272,131.79999999999927,131.79999999999927,[105.5],[26.3],[131.8]
30563,[1686],1,105.5,105.5,26.299999999999272,26.299999999999272,131.79999999999927,131.79999999999927,[105.5],[26.3],[131.8]
30564,[1686],1,105.5,105.5,26.299999999999272,26.299999999999272,131.79999999999927,131.79999999999927,[105.5],[26.3],[131.8]
30565,[1686],1,105.5,105.5,26.299999999999272,26.299999999999272,131.79999999999927,131.79999999999927,[105.5],[26.3],[131.8]
30566,[1686],1,105.5,105.5,26.299999999999272,26.299999999999272,131.79999999999927,131.79999999999927,[105.5],[26.3],[131.8]
30567,[1686],1,105.5,105.5,26.299999999999272,26.299999999999272,131.79999999999927,131.79999999999927,[105.5],[26.3],[131.8]
30568,[1686],1,105.5,105.5,26.299999999999272,26.299999999999272,131.79999999999927,131.79999999999927,[105.5],[26.3],[131.8]
30569,[1686],1,105.5,105.5,26.299999999999272,26.299999999999272,131.79999999999927,131.79999999999927,[105.5],[26.3],[131.8]
30570,[1686],1,105.5,105.5,26.299999999999272,26.299999999999272,131.79999999999927,131.79999999999927,[105.5],[26.3],[131.8]
30571,[1686],1,105.5,105.5,26.299999999999272,26.299999999999272,131.79999999999927,131.79999999999927,[105.5],[26.3],[131.8]
30572,[1686],1,105.5,105.5,26.299999999999272,26.299999999999272,131.79999999999927,131.79999999999927,[105.5],[26.3],[131.8]
30573,[1686],1,105.5,105.5,26.299999999999272,26.299999999999272,131.79999999999927,131.79999999999927,[105.5],[26.3],[131.8]
30574,[1686],1,105.5,105.5,26.299999999999272,26.299999999999272,131.79999999999927,131.79999999999927,[105.5],[26.3],[131.8]
30575,[1686],1,105.5,105.5,26.299999999999272,26.299999999999272,131.79999999999927,131.79999999999927,[105.5],[26.3],[131.8]
30576,[1686],1,105.5,105.5,26.299999999999272,26.299999999999272,131.79999999999927,131.79999999999927,[105.5],[26.3],[131.8]
30577,[1686],1,105.5,105.5,26.299999999999272,26.299999999999272,131.79999999999927,131.79999999999927,[105.5],[26.3],[131.8]
30578,[1686],1,105.5,105.5,26.299999999999272,26.299999999999272,131.79999999999927,131.79999999999927,[105.5],[26.3],[131.8]
30579,[1686],1,105.5,105.5,26.299999999999272,26.299999999999272,131.79999999999927,131.79999999999927,[105.5],[26.3],[131.8]
30580,[1686],1,105.5,105.5,26.299999999999272,26.299999999999272,131.79999999999927,131.79999999999927,[105.5],[26.3],[131.8]
30581,[1686],1,105.5,105.5,26.299999999999272,26.299999999999272,131.79999999999927,131.79999999999927,[105.5],[26.3],[131.8]
30582,[1686 1710],2,91.5,105.5,43.149999999999636,60.0,134.64999999999964,137.5,[105.5  77.5],[26.3 60. ],[131.8 137.5]
30583,[1686 1710],2,91.5,105.5,43.149999999999636,60.0,134.64999999999964,137.5,[105.5  77.5],[26.3 60. ],[131.8 137.5]
30584,[1686 1710],2,91.5,105.5,43.149999999999636,60.0,134.64999999999964,137.5,[105.5  77.5],[26.3 60. ],[131.8 137.5]
30585,[1686 1710],2,91.5,105.5,43.149999999999636,60.0,134.64999999999964,137.5,[105.5  77.5],[26.3 60. ],[131.8 137.5]
30586,[1686 1710],2,91.5,105.5,43.149999999999636,60.0,134.64999999999964,137.5,[105.5  77.5],[26.3 60. ],[131.8 137.5]
30587,[1686 1710],2,91.5,105.5,43.149999999999636,60.0,134.64999999999964,137.5,[105.5  77.5],[26.3 60. ],[131.8 137.5]
30588,[1686 1710],2,91.5,105.5,43.149999999999636,60.0,134.64999999999964,137.5,[105.5  77.5],[26.3 60. ],[131.8 137.5]
30589,[1686 1710],2,91.5,105.5,43.149999999999636,60.0,134.64999999999964,137.5,[105.5  77.5],[26.3 60. ],[131.8 137.5]
30590,[1686 1710],2,91.5,105.5,43.149999999999636,60.0,134.64999999999964,137.5,[105.5  77.5],[26.3 60. ],[131.8 137.5]
30591,[1686 1710],2,91.5,105.5,43.149999999999636,60.0,134.64999999999964,137.5,[105.5  77.5],[26.3 60. ],[131.8 137.5]
30592,[1686 1710],2,91.5,105.5,43.149999999999636,60.0,134.64999999999964,137.5,[105.5  77.5],[26.3 60. ],[131.8 137.5]
30593,[1686 1710],2,91.5,105.5,43.149999999999636,60.0,134.64999999999964,137.5,[105.5  77.5],[26.3 60. ],[131.8 137.5]
30594,[1686 1710],2,91.5,105.5,43.149999999999636,60.0,134.64999999999964,137.5,[105.5  77.5],[26.3 60. ],[131.8 137.5]
30595,[1686 1710],2,91.5,105.5,43.149999999999636,60.0,134.64999999999964,137.5,[105.5  77.5],[26.3 60. ],[131.8 137.5]
30596,[1686 1710],2,91.5,105.5,43.149999999999636,60.0,134.64999999999964,137.5,[105.5  77.5],[26.3 60. ],[131.8 137.5]
30597,[1686 1710],2,91.5,105.5,43.149999999999636,60.0,134.64999999999964,137.5,[105.5  77.5],[26.3 60. ],[131.8 137.5]
30598,[1686 1710],2,91.5,105.5,43.149999999999636,60.0,134.64999999999964,137.5,[105.5  77.5],[26.3 60. ],[131.8 137.5]
30599,[1686 1710],2,91.5,105.5,43.149999999999636,60.0,134.64999999999964,137.5,[105.5  77.5],[26.3 60. ],[131.8 137.5]
30600,[1686 1710],2,91.5,105.5,43.149999999999636,60.0,134.64999999999964,137.5,[105.5  77.5],[26.3 60. ],[131.8 137.5]
30601,[1686 1710],2,91.5,105.5,43.149999999999636,60.0,134.64999999999964,137.5,[105.5  77.5],[26.3 60. ],[131.8 137.5]
30602,[1686 1710],2,91.5,105.5,43.149999999999636,60.0,134.64999999999964,137.5,[105.5  77.5],[26.3 60. ],[131.8 137.5]
30603,[1686 1710],2,91.5,105.5,43.149999999999636,60.0,134.64999999999964,137.5,[105.5  77.5],[26.3 60. ],[131.8 137.5]
30604,[1686 1710],2,91.5,105.5,43.149999999999636,60.0,134.64999999999964,137.5,[105.5  77.5],[26.3 60. ],[131.8 137.5]
30605,[1686 1710],2,91.5,105.5,43.149999999999636,60.0,134.64999999999964,137.5,[105.5  77.5],[26.3 60. ],[131.8 137.5]
30606,[1686 1710],2,91.5,105.5,43.149999999999636,60.0,134.64999999999964,137.5,[105.5  77.5],[26.3 60. ],[131.8 137.5]
30607,[1686 1710],2,91.5,105.5,43.149999999999636,60.0,134.64999999999964,137.5,[105.5  77.5],[26.3 60. ],[131.8 137.5]
30608,[1686 1710],2,91.5,105.5,43.149999999999636,60.0,134.64999999999964,137.5,[105.5  77.5],[26.3 60. ],[131.8 137.5]
30609,[1686 1710],2,91.5,105.5,43.149999999999636,60.0,134.64999999999964,137.5,[105.5  77.5],[26.3 60. ],[131.8 137.5]
30610,[1686 1710],2,91.5,105.5,43.149999999999636,60.0,134.64999999999964,137.5,[105.5  77.5],[26.3 60. ],[131.8 137.5]
30611,[1686 1710],2,91.5,105.5,43.149999999999636,60.0,134.64999999999964,137.5,[105.5  77.5],[26.3 60. ],[131.8 137.5]
30612,[1686 1710],2,91.5,105.5,43.149999999999636,60.0,134.64999999999964,137.5,[105.5  77.5],[26.3 60. ],[131.8 137.5]
30613,[1686 1710],2,91.5,105.5,43.149999999999636,60.0,134.64999999999964,137.5,[105.5  77.5],[26.3 60. ],[131.8 137.5]
30614,[1686 1710],2,91.5,105.5,43.149999999999636,60.0,134.64999999999964,137.5,[105.5  77.5],[26.3 60. ],[131.8 137.5]
30615,[1686 1710],2,91.5,105.5,43.149999999999636,60.0,134.64999999999964,137.5,[105.5  77.5],[26.3 60. ],[131.8 137.5]
30616,[1686 1710],2,91.5,105.5,43.149999999999636,60.0,134.64999999999964,137.5,[105.5  77.5],[26.3 60. ],[131.8 137.5]
30617,[1686 1710],2,91.5,105.5,43.149999999999636,60.0,134.64999999999964,137.5,[105.5  77.5],[26.3 60. ],[131.8 137.5]
30618,[1686 1710],2,91.5,105.5,43.149999999999636,60.0,134.64999999999964,137.5,[105.5  77.5],[26.3 60. ],[131.8 137.5]
30619,[1686 1710],2,91.5,105.5,43.149999999999636,60.0,134.64999999999964,137.5,[105.5  77.5],[26.3 60. ],[131.8 137.5]
30620,[1686 1710],2,91.5,105.5,43.149999999999636,60.0,134.64999999999964,137.5,[105.5  77.5],[26.3 60. ],[131.8 137.5]
30621,[1686 1710],2,91.5,105.5,43.149999999999636,60.0,134.64999999999964,137.5,[105.5  77.5],[26.3 60. ],[131.8 137.5]
30622,[1686 1710],2,91.5,105.5,43.149999999999636,60.0,134.64999999999964,137.5,[105.5  77.5],[26.3 60. ],[131.8 137.5]
30623,[1686 1710],2,91.5,105.5,43.149999999999636,60.0,134.64999999999964,137.5,[105.5  77.5],[26.3 60. ],[131.8 137.5]
30624,[1686 1710],2,91.5,105.5,43.149999999999636,60.0,134.64999999999964,137.5,[105.5  77.5],[26.3 60. ],[131.8 137.5]
30625,[1686 1710],2,91.5,105.5,43.149999999999636,60.0,134.64999999999964,137.5,[105.5  77.5],[26.3 60. ],[131.8 137.5]
30626,[1686 1710],2,91.5,105.5,43.149999999999636,60.0,134.64999999999964,137.5,[105.5  77.5],[26.3 60. ],[131.8 137.5]
30627,[1686 1710],2,91.5,105.5,43.149999999999636,60.0,134.64999999999964,137.5,[105.5  77.5],[26.3 60. ],[131.8 137.5]
30628,[1686 1710],2,91.5,105.5,43.149999999999636,60.0,134.64999999999964,137.5,[105.5  77.5],[26.3 60. ],[131.8 137.5]
30629,[1686 1710],2,91.5,105.5,43.149999999999636,60.0,134.64999999999964,137.5,[105.5  77.5],[26.3 60. ],[131.8 137.5]
30630,[1686 1710],2,91.5,105.5,43.149999999999636,60.0,134.64999999999964,137.5,[105.5  77.5],[26.3 60. ],[131.8 137.5]
30631,[1686 1710],2,91.5,105.5,43.149999999999636,60.0,134.64999999999964,137.5,[105.5  77.5],[26.3 60. ],[131.8 137.5]
30632,[1686 1710],2,91.5,105.5,43.149999999999636,60.0,134.64999999999964,137.5,[105.5  77.5],[26.3 60. ],[131.8 137.5]
30633,[1686 1710],2,91.5,105.5,43.149999999999636,60.0,134.64999999999964,137.5,[105.5  77.5],[26.3 60. ],[131.8 137.5]
30634,[1686 1710],2,91.5,105.5,43.149999999999636,60.0,134.64999999999964,137.5,[105.5  77.5],[26.3 60. ],[131.8 137.5]
30635,[1686 1710],2,91.5,105.5,43.149999999999636,60.0,134.64999999999964,137.5,[105.5  77.5],[26.3 60. ],[131.8 137.5]
30636,[1686 1710],2,91.5,105.5,43.149999999999636,60.0,134.64999999999964,137.5,[105.5  77.5],[26.3 60. ],[131.8 137.5]
30637,[1686 1710],2,91.5,105.5,43.149999999999636,60.0,134.64999999999964,137.5,[105.5  77.5],[26.3 60. ],[131.8 137.5]
30638,[1686 1710],2,91.5,105.5,43.149999999999636,60.0,134.64999999999964,137.5,[105.5  77.5],[26.3 60. ],[131.8 137.5]
30639,[1686 1710],2,91.5,105.5,43.149999999999636,60.0,134.64999999999964,137.5,[105.5  77.5],[26.3 60. ],[131.8 137.5]
30640,[1686 1710],2,91.5,105.5,43.149999999999636,60.0,134.64999999999964,137.5,[105.5  77.5],[26.3 60. ],[131.8 137.5]
30641,[1686 1710],2,91.5,105.5,43.149999999999636,60.0,134.64999999999964,137.5,[105.5  77.5],[26.3 60. ],[131.8 137.5]
30642,[1686 1710],2,91.5,105.5,43.149999999999636,60.0,134.64999999999964,137.5,[105.5  77.5],[26.3 60. ],[131.8 137.5]
30643,[1686 1710],2,91.5,105.5,43.149999999999636,60.0,134.64999999999964,137.5,[105.5  77.5],[26.3 60. ],[131.8 137.5]
30644,[1686 1710],2,91.5,105.5,43.149999999999636,60.0,134.64999999999964,137.5,[105.5  77.5],[26.3 60. ],[131.8 137.5]
30645,[1686 1710 1769],3,65.83333333333333,105.5,48.766666666666424,60.0,114.59999999999975,137.5,[105.5  77.5  14.5],[26.3 60.  60. ],[131.8 137.5  74.5]
30646,[1686 1710 1769],3,65.83333333333333,105.5,48.766666666666424,60.0,114.59999999999975,137.5,[105.5  77.5  14.5],[26.3 60.  60. ],[131.8 137.5  74.5]
30647,[1686 1710 1769],3,65.83333333333333,105.5,48.766666666666424,60.0,114.59999999999975,137.5,[105.5  77.5  14.5],[26.3 60.  60. ],[131.8 137.5  74.5]
30648,[1686 1710 1769 1771],4,52.25,105.5,51.57499999999982,60.0,103.82499999999982,137.5,[105.5  77.5  14.5  11.5],[26.3 60.  60.  60. ],[131.8 137.5  74.5  71.5]
30649,[1686 1710 1769 1771],4,52.25,105.5,51.57499999999982,60.0,103.82499999999982,137.5,[105.5  77.5  14.5  11.5],[26.3 60.  60.  60. ],[131.8 137.5  74.5  71.5]
30650,[1686 1710 1769 1771],4,52.25,105.5,51.57499999999982,60.0,103.82499999999982,137.5,[105.5  77.5  14.5  11.5],[26.3 60.  60.  60. ],[131.8 137.5  74.5  71.5]
30651,[1686 1710 1769 1771],4,52.25,105.5,51.57499999999982,60.0,103.82499999999982,137.5,[105.5  77.5  14.5  11.5],[26.3 60.  60.  60. ],[131.8 137.5  74.5  71.5]
30652,[1686 1710 1769 1771],4,52.25,105.5,51.57499999999982,60.0,103.82499999999982,137.5,[105.5  77.5  14.5  11.5],[26.3 60.  60.  60. ],[131.8 137.5  74.5  71.5]
30653,[1686 1710 1769 1771],4,52.25,105.5,51.57499999999982,60.0,103.82499999999982,137.5,[105.5  77.5  14.5  11.5],[26.3 60.  60.  60. ],[131.8 137.5  74.5  71.5]
30654,[1686 1710 1769 1771],4,52.25,105.5,51.57499999999982,60.0,103.82499999999982,137.5,[105.5  77.5  14.5  11.5],[26.3 60.  60.  60. ],[131.8 137.5  74.5  71.5]
30655,[1686 1710 1769 1771],4,52.25,105.5,51.57499999999982,60.0,103.82499999999982,137.5,[105.5  77.5  14.5  11.5],[26.3 60.  60.  60. ],[131.8 137.5  74.5  71.5]
30656,[1686 1710 1769 1771],4,52.25,105.5,51.57499999999982,60.0,103.82499999999982,137.5,[105.5  77.5  14.5  11.5],[26.3 60.  60.  60. ],[131.8 137.5  74.5  71.5]
30657,[1686 1710 1769 1771],4,52.25,105.5,51.57499999999982,60.0,103.82499999999982,137.5,[105.5  77.5  14.5  11.5],[26.3 60.  60.  60. ],[131.8 137.5  74.5  71.5]
30658,[1686 1710 1769 1771],4,52.25,105.5,51.57499999999982,60.0,103.82499999999982,137.5,[105.5  77.5  14.5  11.5],[26.3 60.  60.  60. ],[131.8 137.5  74.5  71.5]
30659,[1686 1710 1769 1771],4,52.25,105.5,51.57499999999982,60.0,103.82499999999982,137.5,[105.5  77.5  14.5  11.5],[26.3 60.  60.  60. ],[131.8 137.5  74.5  71.5]
30660,[],0,0.0,0.0,0.0,0.0,0.0,0.0,[],[],[]
30661,[],0,0.0,0.0,0.0,0.0,0.0,0.0,[],[],[]
30662,[],0,0.0,0.0,0.0,0.0,0.0,0.0,[],[],[]
30663,[],0,0.0,0.0,0.0,0.0,0.0,0.0,[],[],[]
30664,[],0,0.0,0.0,0.0,0.0,0.0,0.0,[],[],[]
30665,[],0,0.0,0.0,0.0,0.0,0.0,0.0,[],[],[]
30666,[],0,0.0,0.0,0.0,0.0,0.0,0.0,[],[],[]
30667,[],0,0.0,0.0,0.0,0.0,0.0,0.0,[],[],[]
30668,[],0,0.0,0.0,0.0,0.0,0.0,0.0,[],[],[]
30669,[],0,0.0,0.0,0.0,0.0,0.0,0.0,[],[],[]
30670,[],0,0.0,0.0,0.0,0.0,0.0,0.0,[],[],[]
30671,[],0,0.0,0.0,0.0,0.0,0.0,0.0,[],[],[]
30672,[],0,0.0,0.0,0.0,0.0,0.0,0.0,[],[],[]
30673,[],0,0.0,0.0,0.0,0.0,0.0,0.0,[],[],[]
30674,[],0,0.0,0.0,0.0,0.0,0.0,0.0,[],[],[]
30675,[],0,0.0,0.0,0.0,0.0,0.0,0.0,[],[],[]
30676,[],0,0.0,0.0,0.0,0.0,0.0,0.0,[],[],[]
30677,[],0,0.0,0.0,0.0,0.0,0.0,0.0,[],[],[]
30678,[],0,0.0,0.0,0.0,0.0,0.0,0.0,[],[],[]
30679,[],0,0.0,0.0,0.0,0.0,0.0,0.0,[],[],[]
30680,[],0,0.0,0.0,0.0,0.0,0.0,0.0,[],[],[]
30681,[],0,0.0,0.0,0.0,0.0,0.0,0.0,[],[],[]
30682,[],0,0.0,0.0,0.0,0.0,0.0,0.0,[],[],[]
30683,[],0,0.0,0.0,0.0,0.0,0.0,0.0,[],[],[]
30684,[],0,0.0,0.0,0.0,0.0,0.0,0.0,[],[],[]
30685,[],0,0.0,0.0,0.0,0.0,0.0,0.0,[],[],[]
30686,[],0,0.0,0.0,0.0,0.0,0.0,0.0,[],[],[]
30687,[],0,0.0,0.0,0.0,0.0,0.0,0.0,[],[],[]
30688,[],0,0.0,0.0,0.0,0.0,0.0,0.0,[],[],[]
30689,[],0,0.0,0.0,0.0,0.0,0.0,0.0,[],[],[]
30690,[],0,0.0,0.0,0.0,0.0,0.0,0.0,[],[],[]
30691,[],0,0.0,0.0,0.0,0.0,0.0,0.0,[],[],[]
30692,[],0,0.0,0.0,0.0,0.0,0.0,0.0,[],[],[]
30693,[],0,0.0,0.0,0.0,0.0,0.0,0.0,[],[],[]
30694,[],0,0.0,0.0,0.0,0.0,0.0,0.0,[],[],[]
30695,[],0,0.0,0.0,0.0,0.0,0.0,0.0,[],[],[]
30696,[],0,0.0,0.0,0.0,0.0,0.0,0.0,[],[],[]
30697,[],0,0.0,0.0,0.0,0.0,0.0,0.0,[],[],[]
30698,[],0,0.0,0.0,0.0,0.0,0.0,0.0,[],[],[]
30699,[],0,0.0,0.0,0.0,0.0,0.0,0.0,[],[],[]
30700,[1826],1,100.70000000000073,100.70000000000073,44.099999999998545,44.099999999998545,144.79999999999927,144.79999999999927,[100.7],[44.1],[144.8]
30701,[1826],1,100.70000000000073,100.70000000000073,44.099999999998545,44.099999999998545,144.79999999999927,144.79999999999927,[100.7],[44.1],[144.8]
30702,[1826],1,100.70000000000073,100.70000000000073,44.099999999998545,44.099999999998545,144.79999999999927,144.79999999999927,[100.7],[44.1],[144.8]
30703,[1826],1,100.70000000000073,100.70000000000073,44.099999999998545,44.099999999998545,144.79999999999927,144.79999999999927,[100.7],[44.1],[144.8]
30704,[1826],1,100.70000000000073,100.70000000000073,44.099999999998545,44.099999999998545,144.79999999999927,144.79999999999927,[100.7],[44.1],[144.8]
30705,[1826],1,100.70000000000073,100.70000000000073,44.099999999998545,44.099999999998545,144.79999999999927,144.79999999999927,[100.7],[44.1],[144.8]
30706,[1826],1,100.70000000000073,100.70000000000073,44.099999999998545,44.099999999998545,144.79999999999927,144.79999999999927,[100.7],[44.1],[144.8]
30707,[1826],1,100.70000000000073,100.70000000000073,44.099999999998545,44.099999999998545,144.79999999999927,144.79999999999927,[100.7],[44.1],[144.8]
30708,[1826],1,100.70000000000073,100.70000000000073,44.099999999998545,44.099999999998545,144.79999999999927,144.79999999999927,[100.7],[44.1],[144.8]
30709,[1826],1,100.70000000000073,100.70000000000073,44.099999999998545,44.099999999998545,144.79999999999927,144.79999999999927,[100.7],[44.1],[144.8]
30710,[1826],1,100.70000000000073,100.70000000000073,44.099999999998545,44.099999999998545,144.79999999999927,144.79999999999927,[100.7],[44.1],[144.8]
30711,[1826],1,100.70000000000073,100.70000000000073,44.099999999998545,44.099999999998545,144.79999999999927,144.79999999999927,[100.7],[44.1],[144.8]
30712,[1826],1,100.70000000000073,100.70000000000073,44.099999999998545,44.099999999998545,144.79999999999927,144.79999999999927,[100.7],[44.1],[144.8]
30713,[1826],1,100.70000000000073,100.70000000000073,44.099999999998545,44.099999999998545,144.79999999999927,144.79999999999927,[100.7],[44.1],[144.8]
30714,[1826],1,100.70000000000073,100.70000000000073,44.099999999998545,44.099999999998545,144.79999999999927,144.79999999999927,[100.7],[44.1],[144.8]
30715,[1826],1,100.70000000000073,100.70000000000073,44.099999999998545,44.099999999998545,144.79999999999927,144.79999999999927,[100.7],[44.1],[144.8]
30716,[1826],1,100.70000000000073,100.70000000000073,44.099999999998545,44.099999999998545,144.79999999999927,144.79999999999927,[100.7],[44.1],[144.8]
30717,[1826],1,100.70000000000073,100.70000000000073,44.099999999998545,44.099999999998545,144.79999999999927,144.79999999999927,[100.7],[44.1],[144.8]
30718,[1826],1,100.70000000000073,100.70000000000073,44.099999999998545,44.099999999998545,144.79999999999927,144.79999999999927,[100.7],[44.1],[144.8]
30719,[1826],1,100.70000000000073,100.70000000000073,44.099999999998545,44.099999999998545,144.79999999999927,144.79999999999927,[100.7],[44.1],[144.8]
30720,[1826],1,100.70000000000073,100.70000000000073,44.099999999998545,44.099999999998545,144.79999999999927,144.79999999999927,[100.7],[44.1],[144.8]
30721,[1826],1,100.70000000000073,100.70000000000073,44.099999999998545,44.099999999998545,144.79999999999927,144.79999999999927,[100.7],[44.1],[144.8]
30722,[1826],1,100.70000000000073,100.70000000000073,44.099999999998545,44.099999999998545,144.79999999999927,144.79999999999927,[100.7],[44.1],[144.8]
30723,[1826 1840],2,89.20000000000073,100.70000000000073,44.099999999998545,44.099999999998545,133.29999999999927,144.79999999999927,[100.7  77.7],[44.1 44.1],[144.8 121.8]
30724,[1826 1840],2,89.20000000000073,100.70000000000073,44.099999999998545,44.099999999998545,133.29999999999927,144.79999999999927,[100.7  77.7],[44.1 44.1],[144.8 121.8]
30725,[1826 1840],2,89.20000000000073,100.70000000000073,44.099999999998545,44.099999999998545,133.29999999999927,144.79999999999927,[100.7  77.7],[44.1 44.1],[144.8 121.8]
30726,[1826 1840],2,89.20000000000073,100.70000000000073,44.099999999998545,44.099999999998545,133.29999999999927,144.79999999999927,[100.7  77.7],[44.1 44.1],[144.8 121.8]
30727,[1826 1840],2,89.20000000000073,100.70000000000073,44.099999999998545,44.099999999998545,133.29999999999927,144.79999999999927,[100.7  77.7],[44.1 44.1],[144.8 121.8]
30728,[1826 1840],2,89.20000000000073,100.70000000000073,44.099999999998545,44.099999999998545,133.29999999999927,144.79999999999927,[100.7  77.7],[44.1 44.1],[144.8 121.8]
30729,[1826 1840],2,89.20000000000073,100.70000000000073,44.099999999998545,44.099999999998545,133.29999999999927,144.79999999999927,[100.7  77.7],[44.1 44.1],[144.8 121.8]
30730,[1826 1840],2,89.20000000000073,100.70000000000073,44.099999999998545,44.099999999998545,133.29999999999927,144.79999999999927,[100.7  77.7],[44.1 44.1],[144.8 121.8]
30731,[1826 1840],2,89.20000000000073,100.70000000000073,44.099999999998545,44.099999999998545,133.29999999999927,144.79999999999927,[100.7  77.7],[44.1 44.1],[144.8 121.8]
30732,[1826 1840],2,89.20000000000073,100.70000000000073,44.099999999998545,44.099999999998545,133.29999999999927,144.79999999999927,[100.7  77.7],[44.1 44.1],[144.8 121.8]
30733,[1826 1840],2,89.20000000000073,100.70000000000073,44.099999999998545,44.099999999998545,133.29999999999927,144.79999999999927,[100.7  77.7],[44.1 44.1],[144.8 121.8]
30734,[1826 1840],2,89.20000000000073,100.70000000000073,44.099999999998545,44.099999999998545,133.29999999999927,144.79999999999927,[100.7  77.7],[44.1 44.1],[144.8 121.8]
30735,[1826 1840],2,89.20000000000073,100.70000000000073,44.099999999998545,44.099999999998545,133.29999999999927,144.79999999999927,[100.7  77.7],[44.1 44.1],[144.8 121.8]
30736,[1826 1840],2,89.20000000000073,100.70000000000073,44.099999999998545,44.099999999998545,133.29999999999927,144.79999999999927,[100.7  77.7],[44.1 44.1],[144.8 121.8]
30737,[1826 1840],2,89.20000000000073,100.70000000000073,44.099999999998545,44.099999999998545,133.29999999999927,144.79999999999927,[100.7  77.7],[44.1 44.1],[144.8 121.8]
30738,[1826 1840],2,89.20000000000073,100.70000000000073,44.099999999998545,44.099999999998545,133.29999999999927,144.79999999999927,[100.7  77.7],[44.1 44.1],[144.8 121.8]
30739,[1826 1840 1855],3,80.03333333333406,100.70000000000073,44.099999999998545,44.099999999998545,124.1333333333326,144.79999999999927,[100.7  77.7  61.7],[44.1 44.1 44.1],[144.8 121.8 105.8]
30740,[1826 1840 1855],3,80.03333333333406,100.70000000000073,44.099999999998545,44.099999999998545,124.1333333333326,144.79999999999927,[100.7  77.7  61.7],[44.1 44.1 44.1],[144.8 121.8 105.8]
30741,[1826 1840 1855],3,80.03333333333406,100.70000000000073,44.099999999998545,44.099999999998545,124.1333333333326,144.79999999999927,[100.7  77.7  61.7],[44.1 44.1 44.1],[144.8 121.8 105.8]
30742,[1826 1840 1855],3,80.03333333333406,100.70000000000073,44.099999999998545,44.099999999998545,124.1333333333326,144.79999999999927,[100.7  77.7  61.7],[44.1 44.1 44.1],[144.8 121.8 105.8]
30743,[1826 1840 1855],3,80.03333333333406,100.70000000000073,44.099999999998545,44.099999999998545,124.1333333333326,144.79999999999927,[100.7  77.7  61.7],[44.1 44.1 44.1],[144.8 121.8 105.8]
30744,[1826 1840 1855],3,80.03333333333406,100.70000000000073,44.099999999998545,44.099999999998545,124.1333333333326,144.79999999999927,[100.7  77.7  61.7],[44.1 44.1 44.1],[144.8 121.8 105.8]
30745,[1826 1840 1855],3,80.03333333333406,100.70000000000073,44.099999999998545,44.099999999998545,124.1333333333326,144.79999999999927,[100.7  77.7  61.7],[44.1 44.1 44.1],[144.8 121.8 105.8]
30746,[1826 1840 1855],3,80.03333333333406,100.70000000000073,44.099999999998545,44.099999999998545,124.1333333333326,144.79999999999927,[100.7  77.7  61.7],[44.1 44.1 44.1],[144.8 121.8 105.8]
30747,[1826 1840 1855],3,80.03333333333406,100.70000000000073,44.099999999998545,44.099999999998545,124.1333333333326,144.79999999999927,[100.7  77.7  61.7],[44.1 44.1 44.1],[144.8 121.8 105.8]
30748,[1826 1840 1855],3,80.03333333333406,100.70000000000073,44.099999999998545,44.099999999998545,124.1333333333326,144.79999999999927,[100.7  77.7  61.7],[44.1 44.1 44.1],[144.8 121.8 105.8]
30749,[1826 1840 1855],3,80.03333333333406,100.70000000000073,44.099999999998545,44.099999999998545,124.1333333333326,144.79999999999927,[100.7  77.7  61.7],[44.1 44.1 44.1],[144.8 121.8 105.8]
30750,[1826 1840 1855],3,80.03333333333406,100.70000000000073,44.099999999998545,44.099999999998545,124.1333333333326,144.79999999999927,[100.7  77.7  61.7],[44.1 44.1 44.1],[144.8 121.8 105.8]
30751,[1826 1840 1855],3,80.03333333333406,100.70000000000073,44.099999999998545,44.099999999998545,124.1333333333326,144.79999999999927,[100.7  77.7  61.7],[44.1 44.1 44.1],[144.8 121.8 105.8]
30752,[1826 1840 1855],3,80.03333333333406,100.70000000000073,44.099999999998545,44.099999999998545,124.1333333333326,144.79999999999927,[100.7  77.7  61.7],[44.1 44.1 44.1],[144.8 121.8 105.8]
30753,[1826 1840 1855],3,80.03333333333406,100.70000000000073,44.099999999998545,44.099999999998545,124.1333333333326,144.79999999999927,[100.7  77.7  61.7],[44.1 44.1 44.1],[144.8 121.8 105.8]
30754,[1826 1840 1855],3,80.03333333333406,100.70000000000073,44.099999999998545,44.099999999998545,124.1333333333326,144.79999999999927,[100.7  77.7  61.7],[44.1 44.1 44.1],[144.8 121.8 105.8]
30755,[1826 1840 1855],3,80.03333333333406,100.70000000000073,44.099999999998545,44.099999999998545,124.1333333333326,144.79999999999927,[100.7  77.7  61.7],[44.1 44.1 44.1],[144.8 121.8 105.8]
30756,[1826 1840 1855],3,80.03333333333406,100.70000000000073,44.099999999998545,44.099999999998545,124.1333333333326,144.79999999999927,[100.7  77.7  61.7],[44.1 44.1 44.1],[144.8 121.8 105.8]
30757,[1826 1840 1855],3,80.03333333333406,100.70000000000073,44.099999999998545,44.099999999998545,124.1333333333326,144.79999999999927,[100.7  77.7  61.7],[44.1 44.1 44.1],[144.8 121.8 105.8]
30758,[1826 1840 1855],3,80.03333333333406,100.70000000000073,44.099999999998545,44.099999999998545,124.1333333333326,144.79999999999927,[100.7  77.7  61.7],[44.1 44.1 44.1],[144.8 121.8 105.8]
30759,[1826 1840 1855],3,80.03333333333406,100.70000000000073,44.099999999998545,44.099999999998545,124.1333333333326,144.79999999999927,[100.7  77.7  61.7],[44.1 44.1 44.1],[144.8 121.8 105.8]
30760,[1826 1840 1855],3,80.03333333333406,100.70000000000073,44.099999999998545,44.099999999998545,124.1333333333326,144.79999999999927,[100.7  77.7  61.7],[44.1 44.1 44.1],[144.8 121.8 105.8]
30761,[1826 1840 1855],3,80.03333333333406,100.70000000000073,44.099999999998545,44.099999999998545,124.1333333333326,144.79999999999927,[100.7  77.7  61.7],[44.1 44.1 44.1],[144.8 121.8 105.8]
30762,[1826 1840 1855],3,80.03333333333406,100.70000000000073,44.099999999998545,44.099999999998545,124.1333333333326,144.79999999999927,[100.7  77.7  61.7],[44.1 44.1 44.1],[144.8 121.8 105.8]
30763,[1826 1840 1855],3,80.03333333333406,100.70000000000073,44.099999999998545,44.099999999998545,124.1333333333326,144.79999999999927,[100.7  77.7  61.7],[44.1 44.1 44.1],[144.8 121.8 105.8]
30764,[1826 1840 1855],3,80.03333333333406,100.70000000000073,44.099999999998545,44.099999999998545,124.1333333333326,144.79999999999927,[100.7  77.7  61.7],[44.1 44.1 44.1],[144.8 121.8 105.8]
30765,[1826 1840 1855],3,80.03333333333406,100.70000000000073,44.099999999998545,44.099999999998545,124.1333333333326,144.79999999999927,[100.7  77.7  61.7],[44.1 44.1 44.1],[144.8 121.8 105.8]
30766,[1826 1840 1855],3,80.03333333333406,100.70000000000073,44.099999999998545,44.099999999998545,124.1333333333326,144.79999999999927,[100.7  77.7  61.7],[44.1 44.1 44.1],[144.8 121.8 105.8]
30767,[1826 1840 1855],3,80.03333333333406,100.70000000000073,44.099999999998545,44.099999999998545,124.1333333333326,144.79999999999927,[100.7  77.7  61.7],[44.1 44.1 44.1],[144.8 121.8 105.8]
30768,[1826 1840 1855],3,80.03333333333406,100.70000000000073,44.099999999998545,44.099999999998545,124.1333333333326,144.79999999999927,[100.7  77.7  61.7],[44.1 44.1 44.1],[144.8 121.8 105.8]
30769,[1826 1840 1855],3,80.03333333333406,100.70000000000073,44.099999999998545,44.099999999998545,124.1333333333326,144.79999999999927,[100.7  77.7  61.7],[44.1 44.1 44.1],[144.8 121.8 105.8]
30770,[1826 1840 1855],3,80.03333333333406,100.70000000000073,44.099999999998545,44.099999999998545,124.1333333333326,144.79999999999927,[100.7  77.7  61.7],[44.1 44.1 44.1],[144.8 121.8 105.8]
30771,[1826 1840 1855],3,80.03333333333406,100.70000000000073,44.099999999998545,44.099999999998545,124.1333333333326,144.79999999999927,[100.7  77.7  61.7],[44.1 44.1 44.1],[144.8 121.8 105.8]
30772,[1826 1840 1855],3,80.03333333333406,100.70000000000073,44.099999999998545,44.099999999998545,124.1333333333326,144.79999999999927,[100.7  77.7  61.7],[44.1 44.1 44.1],[144.8 121.8 105.8]
30773,[1826 1840 1855],3,80.03333333333406,100.70000000000073,44.099999999998545,44.099999999998545,124.1333333333326,144.79999999999927,[100.7  77.7  61.7],[44.1 44.1 44.1],[144.8 121.8 105.8]
30774,[1826 1840 1855 1895],4,66.70000000000073,100.70000000000073,44.099999999998545,44.099999999998545,110.79999999999927,144.79999999999927,[100.7  77.7  61.7  26.7],[44.1 44.1 44.1 44.1],[144.8 121.8 105.8  70.8]
30775,[1826 1840 1855 1895],4,66.70000000000073,100.70000000000073,44.099999999998545,44.099999999998545,110.79999999999927,144.79999999999927,[100.7  77.7  61.7  26.7],[44.1 44.1 44.1 44.1],[144.8 121.8 105.8  70.8]
30776,[1826 1840 1855 1895],4,66.70000000000073,100.70000000000073,44.099999999998545,44.099999999998545,110.79999999999927,144.79999999999927,[100.7  77.7  61.7  26.7],[44.1 44.1 44.1 44.1],[144.8 121.8 105.8  70.8]
30777,[1826 1840 1855 1895],4,66.70000000000073,100.70000000000073,44.099999999998545,44.099999999998545,110.79999999999927,144.79999999999927,[100.7  77.7  61.7  26.7],[44.1 44.1 44.1 44.1],[144.8 121.8 105.8  70.8]
30778,[1826 1840 1855 1895],4,66.70000000000073,100.70000000000073,44.099999999998545,44.099999999998545,110.79999999999927,144.79999999999927,[100.7  77.7  61.7  26.7],[44.1 44.1 44.1 44.1],[144.8 121.8 105.8  70.8]
30779,[1826 1840 1855 1895 1901],5,57.70000000000073,100.70000000000073,44.099999999998545,44.099999999998545,101.79999999999927,144.79999999999927,[100.7  77.7  61.7  26.7  21.7],[44.1 44.1 44.1 44.1 44.1],[144.8 121.8 105.8  70.8  65.8]
30780,[1826 1840 1855 1895 1901],5,57.70000000000073,100.70000000000073,44.099999999998545,44.099999999998545,101.79999999999927,144.79999999999927,[100.7  77.7  61.7  26.7  21.7],[44.1 44.1 44.1 44.1 44.1],[144.8 121.8 105.8  70.8  65.8]
30781,[1826 1840 1855 1895 1901],5,57.70000000000073,100.70000000000073,44.099999999998545,44.099999999998545,101.79999999999927,144.79999999999927,[100.7  77.7  61.7  26.7  21.7],[44.1 44.1 44.1 44.1 44.1],[144.8 121.8 105.8  70.8  65.8]
30782,[1826 1840 1855 1895 1901],5,57.70000000000073,100.70000000000073,44.099999999998545,44.099999999998545,101.79999999999927,144.79999999999927,[100.7  77.7  61.7  26.7  21.7],[44.1 44.1 44.1 44.1 44.1],[144.8 121.8 105.8  70.8  65.8]
30783,[1826 1840 1855 1895 1901],5,57.70000000000073,100.70000000000073,44.099999999998545,44.099999999998545,101.79999999999927,144.79999999999927,[100.7  77.7  61.7  26.7  21.7],[44.1 44.1 44.1 44.1 44.1],[144.8 121.8 105.8  70.8  65.8]
30784,[1826 1840 1855 1895 1901],5,57.70000000000073,100.70000000000073,44.099999999998545,44.099999999998545,101.79999999999927,144.79999999999927,[100.7  77.7  61.7  26.7  21.7],[44.1 44.1 44.1 44.1 44.1],[144.8 121.8 105.8  70.8  65.8]
30785,[1826 1840 1855 1895 1901],5,57.70000000000073,100.70000000000073,44.099999999998545,44.099999999998545,101.79999999999927,144.79999999999927,[100.7  77.7  61.7  26.7  21.7],[44.1 44.1 44.1 44.1 44.1],[144.8 121.8 105.8  70.8  65.8]
30786,[1826 1840 1855 1895 1901],5,57.70000000000073,100.70000000000073,44.099999999998545,44.099999999998545,101.79999999999927,144.79999999999927,[100.7  77.7  61.7  26.7  21.7],[44.1 44.1 44.1 44.1 44.1],[144.8 121.8 105.8  70.8  65.8]
30787,[1826 1840 1855 1895 1901],5,57.70000000000073,100.70000000000073,44.099999999998545,44.099999999998545,101.79999999999927,144.79999999999927,[100.7  77.7  61.7  26.7  21.7],[44.1 44.1 44.1 44.1 44.1],[144.8 121.8 105.8  70.8  65.8]
30788,[1826 1840 1855 1895 1901],5,57.70000000000073,100.70000000000073,44.099999999998545,44.099999999998545,101.79999999999927,144.79999999999927,[100.7  77.7  61.7  26.7  21.7],[44.1 44.1 44.1 44.1 44.1],[144.8 121.8 105.8  70.8  65.8]
30789,[1826 1840 1855 1895 1901],5,57.70000000000073,100.70000000000073,44.099999999998545,44.099999999998545,101.79999999999927,144.79999999999927,[100.7  77.7  61.7  26.7  21.7],[44.1 44.1 44.1 44.1 44.1],[144.8 121.8 105.8  70.8  65.8]
30790,[1826 1840 1855 1895 1901],5,57.70000000000073,100.70000000000073,44.099999999998545,44.099999999998545,101.79999999999927,144.79999999999927,[100.7  77.7  61.7  26.7  21.7],[44.1 44.1 44.1 44.1 44.1],[144.8 121.8 105.8  70.8  65.8]
30791,[1826 1840 1855 1895 1901],5,57.70000000000073,100.70000000000073,44.099999999998545,44.099999999998545,101.79999999999927,144.79999999999927,[100.7  77.7  61.7  26.7  21.7],[44.1 44.1 44.1 44.1 44.1],[144.8 121.8 105.8  70.8  65.8]
30792,[1826 1840 1855 1895 1901],5,57.70000000000073,100.70000000000073,44.099999999998545,44.099999999998545,101.79999999999927,144.79999999999927,[100.7  77.7  61.7  26.7  21.7],[44.1 44.1 44.1 44.1 44.1],[144.8 121.8 105.8  70.8  65.8]
30793,[1826 1840 1855 1895 1901],5,57.70000000000073,100.70000000000073,44.099999999998545,44.099999999998545,101.79999999999927,144.79999999999927,[100.7  77.7  61.7  26.7  21.7],[44.1 44.1 44.1 44.1 44.1],[144.8 121.8 105.8  70.8  65.8]
30794,[1826 1840 1855 1895 1901],5,57.70000000000073,100.70000000000073,44.099999999998545,44.099999999998545,101.79999999999927,144.79999999999927,[100.7  77.7  61.7  26.7  21.7],[44.1 44.1 44.1 44.1 44.1],[144.8 121.8 105.8  70.8  65.8]
30795,[1826 1840 1855 1895 1901],5,57.70000000000073,100.70000000000073,44.099999999998545,44.099999999998545,101.79999999999927,144.79999999999927,[100.7  77.7  61.7  26.7  21.7],[44.1 44.1 44.1 44.1 44.1],[144.8 121.8 105.8  70.8  65.8]
30796,[1826 1840 1855 1895 1901],5,57.70000000000073,100.70000000000073,44.099999999998545,44.099999999998545,101.79999999999927,144.79999999999927,[100.7  77.7  61.7  26.7  21.7],[44.1 44.1 44.1 44.1 44.1],[144.8 121.8 105.8  70.8  65.8]
30797,[1826 1840 1855 1895 1901],5,57.70000000000073,100.70000000000073,44.099999999998545,44.099999999998545,101.79999999999927,144.79999999999927,[100.7  77.7  61.7  26.7  21.7],[44.1 44.1 44.1 44.1 44.1],[144.8 121.8 105.8  70.8  65.8]
30798,[1826 1840 1855 1895 1901],5,57.70000000000073,100.70000000000073,44.099999999998545,44.099999999998545,101.79999999999927,144.79999999999927,[100.7  77.7  61.7  26.7  21.7],[44.1 44.1 44.1 44.1 44.1],[144.8 121.8 105.8  70.8  65.8]
30799,[1826 1840 1855 1895 1901],5,57.70000000000073,100.70000000000073,44.099999999998545,44.099999999998545,101.79999999999927,144.79999999999927,[100.7  77.7  61.7  26.7  21.7],[44.1 44.1 44.1 44.1 44.1],[144.8 121.8 105.8  70.8  65.8]
30800,[1826 1840 1855 1895 1901],5,57.70000000000073,100.70000000000073,44.099999999998545,44.099999999998545,101.79999999999927,144.79999999999927,[100.7  77.7  61.7  26.7  21.7],[44.1 44.1 44.1 44.1 44.1],[144.8 121.8 105.8  70.8  65.8]
30801,[],0,0.0,0.0,0.0,0.0,0.0,0.0,[],[],[]
30802,[],0,0.0,0.0,0.0,0.0,0.0,0.0,[],[],[]
30803,[],0,0.0,0.0,0.0,0.0,0.0,0.0,[],[],[]
30804,[],0,0.0,0.0,0.0,0.0,0.0,0.0,[],[],[]
30805,[],0,0.0,0.0,0.0,0.0,0.0,0.0,[],[],[]
30806,[],0,0.0,0.0,0.0,0.0,0.0,0.0,[],[],[]
30807,[],0,0.0,0.0,0.0,0.0,0.0,0.0,[],[],[]
30808,[],0,0.0,0.0,0.0,0.0,0.0,0.0,[],[],[]
30809,[],0,0.0,0.0,0.0,0.0,0.0,0.0,[],[],[]
30810,[],0,0.0,0.0,0.0,0.0,0.0,0.0,[],[],[]
30811,[],0,0.0,0.0,0.0,0.0,0.0,0.0,[],[],[]
30812,[],0,0.0,0.0,0.0,0.0,0.0,0.0,[],[],[]
30813,[],0,0.0,0.0,0.0,0.0,0.0,0.0,[],[],[]
30814,[],0,0.0,0.0,0.0,0.0,0.0,0.0,[],[],[]
30815,[],0,0.0,0.0,0.0,0.0,0.0,0.0,[],[],[]
30816,[],0,0.0,0.0,0.0,0.0,0.0,0.0,[],[],[]
30817,[],0,0.0,0.0,0.0,0.0,0.0,0.0,[],[],[]
30818,[],0,0.0,0.0,0.0,0.0,0.0,0.0,[],[],[]
30819,[1938],1,83.59999999999854,83.59999999999854,47.400000000001455,47.400000000001455,131.0,131.0,[83.6],[47.4],[131.]
30820,[1938],1,83.59999999999854,83.59999999999854,47.400000000001455,47.400000000001455,131.0,131.0,[83.6],[47.4],[131.]
30821,[1938],1,83.59999999999854,83.59999999999854,47.400000000001455,47.400000000001455,131.0,131.0,[83.6],[47.4],[131.]
30822,[1938],1,83.59999999999854,83.59999999999854,47.400000000001455,47.400000000001455,131.0,131.0,[83.6],[47.4],[131.]
30823,[1938],1,83.59999999999854,83.59999999999854,47.400000000001455,47.400000000001455,131.0,131.0,[83.6],[47.4],[131.]
30824,[1938],1,83.59999999999854,83.59999999999854,47.400000000001455,47.400000000001455,131.0,131.0,[83.6],[47.4],[131.]
30825,[1938],1,83.59999999999854,83.59999999999854,47.400000000001455,47.400000000001455,131.0,131.0,[83.6],[47.4],[131.]
30826,[1938],1,83.59999999999854,83.59999999999854,47.400000000001455,47.400000000001455,131.0,131.0,[83.6],[47.4],[131.]
30827,[1938],1,83.59999999999854,83.59999999999854,47.400000000001455,47.400000000001455,131.0,131.0,[83.6],[47.4],[131.]
30828,[1938],1,83.59999999999854,83.59999999999854,47.400000000001455,47.400000000001455,131.0,131.0,[83.6],[47.4],[131.]
30829,[1938],1,83.59999999999854,83.59999999999854,47.400000000001455,47.400000000001455,131.0,131.0,[83.6],[47.4],[131.]
30830,[1938],1,83.59999999999854,83.59999999999854,47.400000000001455,47.400000000001455,131.0,131.0,[83.6],[47.4],[131.]
30831,[1938],1,83.59999999999854,83.59999999999854,47.400000000001455,47.400000000001455,131.0,131.0,[83.6],[47.4],[131.]
30832,[1938],1,83.59999999999854,83.59999999999854,47.400000000001455,47.400000000001455,131.0,131.0,[83.6],[47.4],[131.]
30833,[1938],1,83.59999999999854,83.59999999999854,47.400000000001455,47.400000000001455,131.0,131.0,[83.6],[47.4],[131.]
30834,[1938],1,83.59999999999854,83.59999999999854,47.400000000001455,47.400000000001455,131.0,131.0,[83.6],[47.4],[131.]
30835,[1938],1,83.59999999999854,83.59999999999854,47.400000000001455,47.400000000001455,131.0,131.0,[83.6],[47.4],[131.]
30836,[1938],1,83.59999999999854,83.59999999999854,47.400000000001455,47.400000000001455,131.0,131.0,[83.6],[47.4],[131.]
30837,[1938],1,83.59999999999854,83.59999999999854,47.400000000001455,47.400000000001455,131.0,131.0,[83.6],[47.4],[131.]
30838,[1938],1,83.59999999999854,83.59999999999854,47.400000000001455,47.400000000001455,131.0,131.0,[83.6],[47.4],[131.]
30839,[1938],1,83.59999999999854,83.59999999999854,47.400000000001455,47.400000000001455,131.0,131.0,[83.6],[47.4],[131.]
30840,[1938],1,83.59999999999854,83.59999999999854,47.400000000001455,47.400000000001455,131.0,131.0,[83.6],[47.4],[131.]
30841,[1938],1,83.59999999999854,83.59999999999854,47.400000000001455,47.400000000001455,131.0,131.0,[83.6],[47.4],[131.]
30842,[1938],1,83.59999999999854,83.59999999999854,47.400000000001455,47.400000000001455,131.0,131.0,[83.6],[47.4],[131.]
30843,[1938],1,83.59999999999854,83.59999999999854,47.400000000001455,47.400000000001455,131.0,131.0,[83.6],[47.4],[131.]
30844,[1938],1,83.59999999999854,83.59999999999854,47.400000000001455,47.400000000001455,131.0,131.0,[83.6],[47.4],[131.]
30845,[1938],1,83.59999999999854,83.59999999999854,47.400000000001455,47.400000000001455,131.0,131.0,[83.6],[47.4],[131.]
30846,[1938],1,83.59999999999854,83.59999999999854,47.400000000001455,47.400000000001455,131.0,131.0,[83.6],[47.4],[131.]
30847,[1938],1,83.59999999999854,83.59999999999854,47.400000000001455,47.400000000001455,131.0,131.0,[83.6],[47.4],[131.]
30848,[1938],1,83.59999999999854,83.59999999999854,47.400000000001455,47.400000000001455,131.0,131.0,[83.6],[47.4],[131.]
30849,[1938],1,83.59999999999854,83.59999999999854,47.400000000001455,47.400000000001455,131.0,131.0,[83.6],[47.4],[131.]
30850,[1938],1,83.59999999999854,83.59999999999854,47.400000000001455,47.400000000001455,131.0,131.0,[83.6],[47.4],[131.]
30851,[1938],1,83.59999999999854,83.59999999999854,47.400000000001455,47.400000000001455,131.0,131.0,[83.6],[47.4],[131.]
30852,[1938],1,83.59999999999854,83.59999999999854,47.400000000001455,47.400000000001455,131.0,131.0,[83.6],[47.4],[131.]
30853,[1938],1,83.59999999999854,83.59999999999854,47.400000000001455,47.400000000001455,131.0,131.0,[83.6],[47.4],[131.]
30854,[1938 1964],2,66.09999999999854,83.59999999999854,47.400000000001455,47.400000000001455,113.5,131.0,[83.6 48.6],[47.4 47.4],[131.  96.]
30855,[1938 1964 1969],3,75.69999999999952,94.90000000000146,43.60000000000097,47.400000000001455,119.30000000000048,131.0,[83.6 48.6 94.9],[47.4 47.4 36. ],[131.   96.  130.9]
30856,[1938 1964 1969],3,75.69999999999952,94.90000000000146,43.60000000000097,47.400000000001455,119.30000000000048,131.0,[83.6 48.6 94.9],[47.4 47.4 36. ],[131.   96.  130.9]
30857,[1938 1964 1969 1972],4,68.17499999999927,94.90000000000146,44.55000000000109,47.400000000001455,112.72500000000036,131.0,[83.6 48.6 94.9 45.6],[47.4 47.4 36.  47.4],[131.   96.  130.9  93. ]
30858,[1938 1964 1969 1972],4,68.17499999999927,94.90000000000146,44.55000000000109,47.400000000001455,112.72500000000036,131.0,[83.6 48.6 94.9 45.6],[47.4 47.4 36.  47.4],[131.   96.  130.9  93. ]
30859,[1938 1964 1969 1972],4,68.17499999999927,94.90000000000146,44.55000000000109,47.400000000001455,112.72500000000036,131.0,[83.6 48.6 94.9 45.6],[47.4 47.4 36.  47.4],[131.   96.  130.9  93. ]
30860,[1938 1964 1969 1972],4,68.17499999999927,94.90000000000146,44.55000000000109,47.400000000001455,112.72500000000036,131.0,[83.6 48.6 94.9 45.6],[47.4 47.4 36.  47.4],[131.   96.  130.9  93. ]
30861,[1938 1964 1969 1972],4,68.17499999999927,94.90000000000146,44.55000000000109,47.400000000001455,112.72500000000036,131.0,[83.6 48.6 94.9 45.6],[47.4 47.4 36.  47.4],[131.   96.  130.9  93. ]
30862,[1938 1964 1969 1972],4,68.17499999999927,94.90000000000146,44.55000000000109,47.400000000001455,112.72500000000036,131.0,[83.6 48.6 94.9 45.6],[47.4 47.4 36.  47.4],[131.   96.  130.9  93. ]
30863,[1938 1964 1969 1972],4,68.17499999999927,94.90000000000146,44.55000000000109,47.400000000001455,112.72500000000036,131.0,[83.6 48.6 94.9 45.6],[47.4 47.4 36.  47.4],[131.   96.  130.9  93. ]
30864,[1938 1964 1969 1972],4,68.17499999999927,94.90000000000146,44.55000000000109,47.400000000001455,112.72500000000036,131.0,[83.6 48.6 94.9 45.6],[47.4 47.4 36.  47.4],[131.   96.  130.9  93. ]
30865,[1938 1964 1969 1972],4,68.17499999999927,94.90000000000146,44.55000000000109,47.400000000001455,112.72500000000036,131.0,[83.6 48.6 94.9 45.6],[47.4 47.4 36.  47.4],[131.   96.  130.9  93. ]
30866,[1938 1964 1969 1972],4,68.17499999999927,94.90000000000146,44.55000000000109,47.400000000001455,112.72500000000036,131.0,[83.6 48.6 94.9 45.6],[47.4 47.4 36.  47.4],[131.   96.  130.9  93. ]
30867,[1938 1964 1969 1972],4,68.17499999999927,94.90000000000146,44.55000000000109,47.400000000001455,112.72500000000036,131.0,[83.6 48.6 94.9 45.6],[47.4 47.4 36.  47.4],[131.   96.  130.9  93. ]
30868,[1938 1964 1969 1972],4,68.17499999999927,94.90000000000146,44.55000000000109,47.400000000001455,112.72500000000036,131.0,[83.6 48.6 94.9 45.6],[47.4 47.4 36.  47.4],[131.   96.  130.9  93. ]
30869,[1938 1964 1969 1972],4,68.17499999999927,94.90000000000146,44.55000000000109,47.400000000001455,112.72500000000036,131.0,[83.6 48.6 94.9 45.6],[47.4 47.4 36.  47.4],[131.   96.  130.9  93. ]
30870,[1938 1964 1969 1972],4,68.17499999999927,94.90000000000146,44.55000000000109,47.400000000001455,112.72500000000036,131.0,[83.6 48.6 94.9 45.6],[47.4 47.4 36.  47.4],[131.   96.  130.9  93. ]
30871,[1938 1964 1969 1972],4,68.17499999999927,94.90000000000146,44.55000000000109,47.400000000001455,112.72500000000036,131.0,[83.6 48.6 94.9 45.6],[47.4 47.4 36.  47.4],[131.   96.  130.9  93. ]
30872,[1938 1964 1969 1972],4,68.17499999999927,94.90000000000146,44.55000000000109,47.400000000001455,112.72500000000036,131.0,[83.6 48.6 94.9 45.6],[47.4 47.4 36.  47.4],[131.   96.  130.9  93. ]
30873,[1938 1964 1969 1972],4,68.17499999999927,94.90000000000146,44.55000000000109,47.400000000001455,112.72500000000036,131.0,[83.6 48.6 94.9 45.6],[47.4 47.4 36.  47.4],[131.   96.  130.9  93. ]
30874,[1938 1964 1969 1972],4,68.17499999999927,94.90000000000146,44.55000000000109,47.400000000001455,112.72500000000036,131.0,[83.6 48.6 94.9 45.6],[47.4 47.4 36.  47.4],[131.   96.  130.9  93. ]
30875,[1938 1964 1969 1972],4,68.17499999999927,94.90000000000146,44.55000000000109,47.400000000001455,112.72500000000036,131.0,[83.6 48.6 94.9 45.6],[47.4 47.4 36.  47.4],[131.   96.  130.9  93. ]
30876,[1938 1964 1969 1972],4,68.17499999999927,94.90000000000146,44.55000000000109,47.400000000001455,112.72500000000036,131.0,[83.6 48.6 94.9 45.6],[47.4 47.4 36.  47.4],[131.   96.  130.9  93. ]
30877,[1938 1964 1969 1972],4,68.17499999999927,94.90000000000146,44.55000000000109,47.400000000001455,112.72500000000036,131.0,[83.6 48.6 94.9 45.6],[47.4 47.4 36.  47.4],[131.   96.  130.9  93. ]
30878,[1938 1964 1969 1972],4,68.17499999999927,94.90000000000146,44.55000000000109,47.400000000001455,112.72500000000036,131.0,[83.6 48.6 94.9 45.6],[47.4 47.4 36.  47.4],[131.   96.  130.9  93. ]
30879,[1938 1964 1969 1972],4,68.17499999999927,94.90000000000146,44.55000000000109,47.400000000001455,112.72500000000036,131.0,[83.6 48.6 94.9 45.6],[47.4 47.4 36.  47.4],[131.   96.  130.9  93. ]
30880,[1938 1964 1969 1972],4,68.17499999999927,94.90000000000146,44.55000000000109,47.400000000001455,112.72500000000036,131.0,[83.6 48.6 94.9 45.6],[47.4 47.4 36.  47.4],[131.   96.  130.9  93. ]
30881,[1938 1964 1969 1972 1997],5,58.859999999999125,94.90000000000146,45.12000000000116,47.400000000001455,103.98000000000029,131.0,[83.6 48.6 94.9 45.6 21.6],[47.4 47.4 36.  47.4 47.4],[131.   96.  130.9  93.   69. ]
30882,[1938 1964 1969 1972 1997],5,58.859999999999125,94.90000000000146,45.12000000000116,47.400000000001455,103.98000000000029,131.0,[83.6 48.6 94.9 45.6 21.6],[47.4 47.4 36.  47.4 47.4],[131.   96.  130.9  93.   69. ]
30883,[1938 1964 1969 1972 1997],5,58.859999999999125,94.90000000000146,45.12000000000116,47.400000000001455,103.98000000000029,131.0,[83.6 48.6 94.9 45.6 21.6],[47.4 47.4 36.  47.4 47.4],[131.   96.  130.9  93.   69. ]
30884,[1938 1964 1969 1972 1997],5,58.859999999999125,94.90000000000146,45.12000000000116,47.400000000001455,103.98000000000029,131.0,[83.6 48.6 94.9 45.6 21.6],[47.4 47.4 36.  47.4 47.4],[131.   96.  130.9  93.   69. ]
30885,[1938 1964 1969 1972 1997],5,58.859999999999125,94.90000000000146,45.12000000000116,47.400000000001455,103.98000000000029,131.0,[83.6 48.6 94.9 45.6 21.6],[47.4 47.4 36.  47.4 47.4],[131.   96.  130.9  93.   69. ]
30886,[1938 1964 1969 1972 1997],5,58.859999999999125,94.90000000000146,45.12000000000116,47.400000000001455,103.98000000000029,131.0,[83.6 48.6 94.9 45.6 21.6],[47.4 47.4 36.  47.4 47.4],[131.   96.  130.9  93.   69. ]
30887,[1938 1964 1969 1972 1997],5,58.859999999999125,94.90000000000146,45.12000000000116,47.400000000001455,103.98000000000029,131.0,[83.6 48.6 94.9 45.6 21.6],[47.4 47.4 36.  47.4 47.4],[131.   96.  130.9  93.   69. ]
30888,[1938 1964 1969 1972 1997],5,58.859999999999125,94.90000000000146,45.12000000000116,47.400000000001455,103.98000000000029,131.0,[83.6 48.6 94.9 45.6 21.6],[47.4 47.4 36.  47.4 47.4],[131.   96.  130.9  93.   69. ]
30889,[1938 1964 1969 1972 1997],5,58.859999999999125,94.90000000000146,45.12000000000116,47.400000000001455,103.98000000000029,131.0,[83.6 48.6 94.9 45.6 21.6],[47.4 47.4 36.  47.4 47.4],[131.   96.  130.9  93.   69. ]
30890,[1938 1964 1969 1972 1997],5,58.859999999999125,94.90000000000146,45.12000000000116,47.400000000001455,103.98000000000029,131.0,[83.6 48.6 94.9 45.6 21.6],[47.4 47.4 36.  47.4 47.4],[131.   96.  130.9  93.   69. ]
30891,[1938 1964 1969 1972 1997],5,58.859999999999125,94.90000000000146,45.12000000000116,47.400000000001455,103.98000000000029,131.0,[83.6 48.6 94.9 45.6 21.6],[47.4 47.4 36.  47.4 47.4],[131.   96.  130.9  93.   69. ]
30892,[1938 1964 1969 1972 1997],5,58.859999999999125,94.90000000000146,45.12000000000116,47.400000000001455,103.98000000000029,131.0,[83.6 48.6 94.9 45.6 21.6],[47.4 47.4 36.  47.4 47.4],[131.   96.  130.9  93.   69. ]
30893,[1938 1964 1969 1972 1997],5,58.859999999999125,94.90000000000146,45.12000000000116,47.400000000001455,103.98000000000029,131.0,[83.6 48.6 94.9 45.6 21.6],[47.4 47.4 36.  47.4 47.4],[131.   96.  130.9  93.   69. ]
30894,[1938 1964 1969 1972 1997],5,58.859999999999125,94.90000000000146,45.12000000000116,47.400000000001455,103.98000000000029,131.0,[83.6 48.6 94.9 45.6 21.6],[47.4 47.4 36.  47.4 47.4],[131.   96.  130.9  93.   69. ]
30895,[1938 1964 1969 1972 1997],5,58.859999999999125,94.90000000000146,45.12000000000116,47.400000000001455,103.98000000000029,131.0,[83.6 48.6 94.9 45.6 21.6],[47.4 47.4 36.  47.4 47.4],[131.   96.  130.9  93.   69. ]
30896,[1938 1964 1969 1972 1997],5,58.859999999999125,94.90000000000146,45.12000000000116,47.400000000001455,103.98000000000029,131.0,[83.6 48.6 94.9 45.6 21.6],[47.4 47.4 36.  47.4 47.4],[131.   96.  130.9  93.   69. ]
30897,[1938 1964 1969 1972 1997],5,58.859999999999125,94.90000000000146,45.12000000000116,47.400000000001455,103.98000000000029,131.0,[83.6 48.6 94.9 45.6 21.6],[47.4 47.4 36.  47.4 47.4],[131.   96.  130.9  93.   69. ]
30898,[1938 1964 1969 1972 1997],5,58.859999999999125,94.90000000000146,45.12000000000116,47.400000000001455,103.98000000000029,131.0,[83.6 48.6 94.9 45.6 21.6],[47.4 47.4 36.  47.4 47.4],[131.   96.  130.9  93.   69. ]
30899,[1938 1964 1969 1972 1997],5,58.859999999999125,94.90000000000146,45.12000000000116,47.400000000001455,103.98000000000029,131.0,[83.6 48.6 94.9 45.6 21.6],[47.4 47.4 36.  47.4 47.4],[131.   96.  130.9  93.   69. ]
30900,[1938 1964 1969 1972 1997],5,58.859999999999125,94.90000000000146,45.12000000000116,47.400000000001455,103.98000000000029,131.0,[83.6 48.6 94.9 45.6 21.6],[47.4 47.4 36.  47.4 47.4],[131.   96.  130.9  93.   69. ]
30901,[1938 1964 1969 1972 1997],5,58.859999999999125,94.90000000000146,45.12000000000116,47.400000000001455,103.98000000000029,131.0,[83.6 48.6 94.9 45.6 21.6],[47.4 47.4 36.  47.4 47.4],[131.   96.  130.9  93.   69. ]
30902,[1938 1964 1969 1972 1997],5,58.859999999999125,94.90000000000146,45.12000000000116,47.400000000001455,103.98000000000029,131.0,[83.6 48.6 94.9 45.6 21.6],[47.4 47.4 36.  47.4 47.4],[131.   96.  130.9  93.   69. ]
30903,[1969],1,94.90000000000146,94.90000000000146,36.0,36.0,130.90000000000146,130.90000000000146,[94.9],[36.],[130.9]
30904,[1969],1,94.90000000000146,94.90000000000146,36.0,36.0,130.90000000000146,130.90000000000146,[94.9],[36.],[130.9]
30905,[1969 2027],2,69.90000000000146,94.90000000000146,36.0,36.0,105.90000000000146,130.90000000000146,[94.9 44.9],[36. 36.],[130.9  80.9]
30906,[1969 2027 2029],3,46.60000000000097,94.90000000000146,38.666666666666664,44.0,85.26666666666763,130.90000000000146,[94.9 44.9  0. ],[36. 36. 44.],[130.9  80.9  44. ]
30907,[1969 2027],2,69.90000000000146,94.90000000000146,36.0,36.0,105.90000000000146,130.90000000000146,[94.9 44.9],[36. 36.],[130.9  80.9]
30908,[1969 2027],2,69.90000000000146,94.90000000000146,36.0,36.0,105.90000000000146,130.90000000000146,[94.9 44.9],[36. 36.],[130.9  80.9]
30909,[1969 2027],2,69.90000000000146,94.90000000000146,36.0,36.0,105.90000000000146,130.90000000000146,[94.9 44.9],[36. 36.],[130.9  80.9]
30910,[1969 2027],2,69.90000000000146,94.90000000000146,36.0,36.0,105.90000000000146,130.90000000000146,[94.9 44.9],[36. 36.],[130.9  80.9]
30911,[1969 2027],2,69.90000000000146,94.90000000000146,36.0,36.0,105.90000000000146,130.90000000000146,[94.9 44.9],[36. 36.],[130.9  80.9]
30912,[1969 2027],2,69.90000000000146,94.90000000000146,36.0,36.0,105.90000000000146,130.90000000000146,[94.9 44.9],[36. 36.],[130.9  80.9]
30913,[1969 2027],2,69.90000000000146,94.90000000000146,36.0,36.0,105.90000000000146,130.90000000000146,[94.9 44.9],[36. 36.],[130.9  80.9]
30914,[1969 2027],2,69.90000000000146,94.90000000000146,36.0,36.0,105.90000000000146,130.90000000000146,[94.9 44.9],[36. 36.],[130.9  80.9]
30915,[1969 2027],2,69.90000000000146,94.90000000000146,36.0,36.0,105.90000000000146,130.90000000000146,[94.9 44.9],[36. 36.],[130.9  80.9]
30916,[1969 2027],2,69.90000000000146,94.90000000000146,36.0,36.0,105.90000000000146,130.90000000000146,[94.9 44.9],[36. 36.],[130.9  80.9]
30917,[1969 2027],2,69.90000000000146,94.90000000000146,36.0,36.0,105.90000000000146,130.90000000000146,[94.9 44.9],[36. 36.],[130.9  80.9]
30918,[1969 2027],2,69.90000000000146,94.90000000000146,36.0,36.0,105.90000000000146,130.90000000000146,[94.9 44.9],[36. 36.],[130.9  80.9]
30919,[1969 2027 2041],3,83.50000000000121,110.70000000000073,37.46666666666594,40.39999999999782,120.96666666666715,151.09999999999854,[ 94.9  44.9 110.7],[36.  36.  40.4],[130.9  80.9 151.1]
30920,[1969 2027 2041],3,83.50000000000121,110.70000000000073,37.46666666666594,40.39999999999782,120.96666666666715,151.09999999999854,[ 94.9  44.9 110.7],[36.  36.  40.4],[130.9  80.9 151.1]
30921,[1969 2027 2041],3,83.50000000000121,110.70000000000073,37.46666666666594,40.39999999999782,120.96666666666715,151.09999999999854,[ 94.9  44.9 110.7],[36.  36.  40.4],[130.9  80.9 151.1]
30922,[1969 2027 2041 2046],4,63.57500000000073,110.70000000000073,46.79999999999927,74.79999999999927,110.375,151.09999999999854,[ 94.9  44.9 110.7   3.8],[36.  36.  40.4 74.8],[130.9  80.9 151.1  78.6]
30923,[1969 2027 2041 2046],4,63.57500000000073,110.70000000000073,46.79999999999927,74.79999999999927,110.375,151.09999999999854,[ 94.9  44.9 110.7   3.8],[36.  36.  40.4 74.8],[130.9  80.9 151.1  78.6]
30924,[1969 2027 2041 2046],4,63.57500000000073,110.70000000000073,46.79999999999927,74.79999999999927,110.375,151.09999999999854,[ 94.9  44.9 110.7   3.8],[36.  36.  40.4 74.8],[130.9  80.9 151.1  78.6]
30925,[1969 2027 2041 2046],4,63.57500000000073,110.70000000000073,46.79999999999927,74.79999999999927,110.375,151.09999999999854,[ 94.9  44.9 110.7   3.8],[36.  36.  40.4 74.8],[130.9  80.9 151.1  78.6]
30926,[1969 2027 2041],3,83.50000000000121,110.70000000000073,37.46666666666594,40.39999999999782,120.96666666666715,151.09999999999854,[ 94.9  44.9 110.7],[36.  36.  40.4],[130.9  80.9 151.1]
30927,[1969 2027 2041],3,83.50000000000121,110.70000000000073,37.46666666666594,40.39999999999782,120.96666666666715,151.09999999999854,[ 94.9  44.9 110.7],[36.  36.  40.4],[130.9  80.9 151.1]
30928,[1969 2027 2041],3,83.50000000000121,110.70000000000073,37.46666666666594,40.39999999999782,120.96666666666715,151.09999999999854,[ 94.9  44.9 110.7],[36.  36.  40.4],[130.9  80.9 151.1]
30929,[1969 2027 2041],3,83.50000000000121,110.70000000000073,37.46666666666594,40.39999999999782,120.96666666666715,151.09999999999854,[ 94.9  44.9 110.7],[36.  36.  40.4],[130.9  80.9 151.1]
30930,[1969 2027 2041],3,83.50000000000121,110.70000000000073,37.46666666666594,40.39999999999782,120.96666666666715,151.09999999999854,[ 94.9  44.9 110.7],[36.  36.  40.4],[130.9  80.9 151.1]
30931,[1969 2027 2041],3,83.50000000000121,110.70000000000073,37.46666666666594,40.39999999999782,120.96666666666715,151.09999999999854,[ 94.9  44.9 110.7],[36.  36.  40.4],[130.9  80.9 151.1]
30932,[1969 2027 2041 2057],4,62.62500000000091,110.70000000000073,45.24999999999909,68.59999999999854,107.875,151.09999999999854,[ 94.9  44.9 110.7   0. ],[36.  36.  40.4 68.6],[130.9  80.9 151.1  68.6]
30933,[1969 2027 2041],3,83.50000000000121,110.70000000000073,37.46666666666594,40.39999999999782,120.96666666666715,151.09999999999854,[ 94.9  44.9 110.7],[36.  36.  40.4],[130.9  80.9 151.1]
30934,[1969 2027 2041],3,83.50000000000121,110.70000000000073,37.46666666666594,40.39999999999782,120.96666666666715,151.09999999999854,[ 94.9  44.9 110.7],[36.  36.  40.4],[130.9  80.9 151.1]
30935,[1969 2027 2041],3,83.50000000000121,110.70000000000073,37.46666666666594,40.39999999999782,120.96666666666715,151.09999999999854,[ 94.9  44.9 110.7],[36.  36.  40.4],[130.9  80.9 151.1]
30936,[1969 2027 2041],3,83.50000000000121,110.70000000000073,37.46666666666594,40.39999999999782,120.96666666666715,151.09999999999854,[ 94.9  44.9 110.7],[36.  36.  40.4],[130.9  80.9 151.1]
30937,[1969 2027 2041],3,83.50000000000121,110.70000000000073,37.46666666666594,40.39999999999782,120.96666666666715,151.09999999999854,[ 94.9  44.9 110.7],[36.  36.  40.4],[130.9  80.9 151.1]
30938,[1969 2027 2041],3,83.50000000000121,110.70000000000073,37.46666666666594,40.39999999999782,120.96666666666715,151.09999999999854,[ 94.9  44.9 110.7],[36.  36.  40.4],[130.9  80.9 151.1]
30939,[1969 2027 2041],3,83.50000000000121,110.70000000000073,37.46666666666594,40.39999999999782,120.96666666666715,151.09999999999854,[ 94.9  44.9 110.7],[36.  36.  40.4],[130.9  80.9 151.1]
30940,[1969 2027 2041],3,83.50000000000121,110.70000000000073,37.46666666666594,40.39999999999782,120.96666666666715,151.09999999999854,[ 94.9  44.9 110.7],[36.  36.  40.4],[130.9  80.9 151.1]
30941,[1969 2027 2041],3,83.50000000000121,110.70000000000073,37.46666666666594,40.39999999999782,120.96666666666715,151.09999999999854,[ 94.9  44.9 110.7],[36.  36.  40.4],[130.9  80.9 151.1]
30942,[1969 2027 2041],3,83.50000000000121,110.70000000000073,37.46666666666594,40.39999999999782,120.96666666666715,151.09999999999854,[ 94.9  44.9 110.7],[36.  36.  40.4],[130.9  80.9 151.1]
30943,[1969 2027 2041],3,83.50000000000121,110.70000000000073,37.46666666666594,40.39999999999782,120.96666666666715,151.09999999999854,[ 94.9  44.9 110.7],[36.  36.  40.4],[130.9  80.9 151.1]
30944,[1969 2027 2041],3,83.50000000000121,110.70000000000073,37.46666666666594,40.39999999999782,120.96666666666715,151.09999999999854,[ 94.9  44.9 110.7],[36.  36.  40.4],[130.9  80.9 151.1]
30945,[1969 2027 2041],3,83.50000000000121,110.70000000000073,37.46666666666594,40.39999999999782,120.96666666666715,151.09999999999854,[ 94.9  44.9 110.7],[36.  36.  40.4],[130.9  80.9 151.1]
30946,[1969 2027 2041],3,83.50000000000121,110.70000000000073,37.46666666666594,40.39999999999782,120.96666666666715,151.09999999999854,[ 94.9  44.9 110.7],[36.  36.  40.4],[130.9  80.9 151.1]
30947,[1969 2027 2041],3,83.50000000000121,110.70000000000073,37.46666666666594,40.39999999999782,120.96666666666715,151.09999999999854,[ 94.9  44.9 110.7],[36.  36.  40.4],[130.9  80.9 151.1]
30948,[1969 2027 2041],3,83.50000000000121,110.70000000000073,37.46666666666594,40.39999999999782,120.96666666666715,151.09999999999854,[ 94.9  44.9 110.7],[36.  36.  40.4],[130.9  80.9 151.1]
30949,[1969 2027 2041],3,83.50000000000121,110.70000000000073,37.46666666666594,40.39999999999782,120.96666666666715,151.09999999999854,[ 94.9  44.9 110.7],[36.  36.  40.4],[130.9  80.9 151.1]
30950,[2041],1,110.70000000000073,110.70000000000073,40.39999999999782,40.39999999999782,151.09999999999854,151.09999999999854,[110.7],[40.4],[151.1]
30951,[2041],1,110.70000000000073,110.70000000000073,40.39999999999782,40.39999999999782,151.09999999999854,151.09999999999854,[110.7],[40.4],[151.1]
30952,[2041],1,110.70000000000073,110.70000000000073,40.39999999999782,40.39999999999782,151.09999999999854,151.09999999999854,[110.7],[40.4],[151.1]
30953,[2041],1,110.70000000000073,110.70000000000073,40.39999999999782,40.39999999999782,151.09999999999854,151.09999999999854,[110.7],[40.4],[151.1]
30954,[2041],1,110.70000000000073,110.70000000000073,40.39999999999782,40.39999999999782,151.09999999999854,151.09999999999854,[110.7],[40.4],[151.1]
30955,[2041],1,110.70000000000073,110.70000000000073,40.39999999999782,40.39999999999782,151.09999999999854,151.09999999999854,[110.7],[40.4],[151.1]
30956,[2041 2086],2,92.20000000000073,110.70000000000073,58.54999999999927,76.70000000000073,150.75,151.09999999999854,[110.7  73.7],[40.4 76.7],[151.1 150.4]
30957,[2041 2086],2,92.20000000000073,110.70000000000073,58.54999999999927,76.70000000000073,150.75,151.09999999999854,[110.7  73.7],[40.4 76.7],[151.1 150.4]
30958,[2041 2086],2,92.20000000000073,110.70000000000073,58.54999999999927,76.70000000000073,150.75,151.09999999999854,[110.7  73.7],[40.4 76.7],[151.1 150.4]
30959,[2041 2086],2,92.20000000000073,110.70000000000073,58.54999999999927,76.70000000000073,150.75,151.09999999999854,[110.7  73.7],[40.4 76.7],[151.1 150.4]
30960,[2041 2086],2,92.20000000000073,110.70000000000073,58.54999999999927,76.70000000000073,150.75,151.09999999999854,[110.7  73.7],[40.4 76.7],[151.1 150.4]
30961,[2041 2086],2,92.20000000000073,110.70000000000073,58.54999999999927,76.70000000000073,150.75,151.09999999999854,[110.7  73.7],[40.4 76.7],[151.1 150.4]
30962,[2041 2086],2,92.20000000000073,110.70000000000073,58.54999999999927,76.70000000000073,150.75,151.09999999999854,[110.7  73.7],[40.4 76.7],[151.1 150.4]
30963,[2041 2086],2,92.20000000000073,110.70000000000073,58.54999999999927,76.70000000000073,150.75,151.09999999999854,[110.7  73.7],[40.4 76.7],[151.1 150.4]
30964,[2041 2086],2,92.20000000000073,110.70000000000073,58.54999999999927,76.70000000000073,150.75,151.09999999999854,[110.7  73.7],[40.4 76.7],[151.1 150.4]
30965,[2041 2086],2,92.20000000000073,110.70000000000073,58.54999999999927,76.70000000000073,150.75,151.09999999999854,[110.7  73.7],[40.4 76.7],[151.1 150.4]
30966,[2041 2086],2,92.20000000000073,110.70000000000073,58.54999999999927,76.70000000000073,150.75,151.09999999999854,[110.7  73.7],[40.4 76.7],[151.1 150.4]
30967,[2041 2086],2,92.20000000000073,110.70000000000073,58.54999999999927,76.70000000000073,150.75,151.09999999999854,[110.7  73.7],[40.4 76.7],[151.1 150.4]
30968,[2041 2086],2,92.20000000000073,110.70000000000073,58.54999999999927,76.70000000000073,150.75,151.09999999999854,[110.7  73.7],[40.4 76.7],[151.1 150.4]
30969,[2041 2086],2,92.20000000000073,110.70000000000073,58.54999999999927,76.70000000000073,150.75,151.09999999999854,[110.7  73.7],[40.4 76.7],[151.1 150.4]
30970,[2041 2086],2,92.20000000000073,110.70000000000073,58.54999999999927,76.70000000000073,150.75,151.09999999999854,[110.7  73.7],[40.4 76.7],[151.1 150.4]
30971,[2041 2086],2,92.20000000000073,110.70000000000073,58.54999999999927,76.70000000000073,150.75,151.09999999999854,[110.7  73.7],[40.4 76.7],[151.1 150.4]
30972,[2041 2086],2,92.20000000000073,110.70000000000073,58.54999999999927,76.70000000000073,150.75,151.09999999999854,[110.7  73.7],[40.4 76.7],[151.1 150.4]
30973,[2041 2086],2,92.20000000000073,110.70000000000073,58.54999999999927,76.70000000000073,150.75,151.09999999999854,[110.7  73.7],[40.4 76.7],[151.1 150.4]
30974,[2041 2086],2,92.20000000000073,110.70000000000073,58.54999999999927,76.70000000000073,150.75,151.09999999999854,[110.7  73.7],[40.4 76.7],[151.1 150.4]
30975,[2041 2086],2,92.20000000000073,110.70000000000073,58.54999999999927,76.70000000000073,150.75,151.09999999999854,[110.7  73.7],[40.4 76.7],[151.1 150.4]
30976,[2041 2086],2,92.20000000000073,110.70000000000073,58.54999999999927,76.70000000000073,150.75,151.09999999999854,[110.7  73.7],[40.4 76.7],[151.1 150.4]
30977,[2041 2086],2,92.20000000000073,110.70000000000073,58.54999999999927,76.70000000000073,150.75,151.09999999999854,[110.7  73.7],[40.4 76.7],[151.1 150.4]
30978,[2041 2086],2,92.20000000000073,110.70000000000073,58.54999999999927,76.70000000000073,150.75,151.09999999999854,[110.7  73.7],[40.4 76.7],[151.1 150.4]
30979,[2041 2086],2,92.20000000000073,110.70000000000073,58.54999999999927,76.70000000000073,150.75,151.09999999999854,[110.7  73.7],[40.4 76.7],[151.1 150.4]
30980,[2041 2086],2,92.20000000000073,110.70000000000073,58.54999999999927,76.70000000000073,150.75,151.09999999999854,[110.7  73.7],[40.4 76.7],[151.1 150.4]
30981,[2041 2086],2,92.20000000000073,110.70000000000073,58.54999999999927,76.70000000000073,150.75,151.09999999999854,[110.7  73.7],[40.4 76.7],[151.1 150.4]
30982,[2041 2086],2,92.20000000000073,110.70000000000073,58.54999999999927,76.70000000000073,150.75,151.09999999999854,[110.7  73.7],[40.4 76.7],[151.1 150.4]
30983,[2041 2086],2,92.20000000000073,110.70000000000073,58.54999999999927,76.70000000000073,150.75,151.09999999999854,[110.7  73.7],[40.4 76.7],[151.1 150.4]
30984,[2041 2086 2121],3,76.70000000000073,110.70000000000073,64.59999999999975,76.70000000000073,141.3000000000005,151.09999999999854,[110.7  73.7  45.7],[40.4 76.7 76.7],[151.1 150.4 122.4]
30985,[2041 2086 2121],3,76.70000000000073,110.70000000000073,64.59999999999975,76.70000000000073,141.3000000000005,151.09999999999854,[110.7  73.7  45.7],[40.4 76.7 76.7],[151.1 150.4 122.4]
30986,[2041 2086 2121],3,76.70000000000073,110.70000000000073,64.59999999999975,76.70000000000073,141.3000000000005,151.09999999999854,[110.7  73.7  45.7],[40.4 76.7 76.7],[151.1 150.4 122.4]
30987,[2041 2086 2121],3,76.70000000000073,110.70000000000073,64.59999999999975,76.70000000000073,141.3000000000005,151.09999999999854,[110.7  73.7  45.7],[40.4 76.7 76.7],[151.1 150.4 122.4]
30988,[2041 2086 2121],3,76.70000000000073,110.70000000000073,64.59999999999975,76.70000000000073,141.3000000000005,151.09999999999854,[110.7  73.7  45.7],[40.4 76.7 76.7],[151.1 150.4 122.4]
30989,[2041 2086 2121],3,76.70000000000073,110.70000000000073,64.59999999999975,76.70000000000073,141.3000000000005,151.09999999999854,[110.7  73.7  45.7],[40.4 76.7 76.7],[151.1 150.4 122.4]
30990,[2041 2086 2121],3,76.70000000000073,110.70000000000073,64.59999999999975,76.70000000000073,141.3000000000005,151.09999999999854,[110.7  73.7  45.7],[40.4 76.7 76.7],[151.1 150.4 122.4]
30991,[2041 2086 2121],3,76.70000000000073,110.70000000000073,64.59999999999975,76.70000000000073,141.3000000000005,151.09999999999854,[110.7  73.7  45.7],[40.4 76.7 76.7],[151.1 150.4 122.4]
30992,[2041 2086 2121],3,76.70000000000073,110.70000000000073,64.59999999999975,76.70000000000073,141.3000000000005,151.09999999999854,[110.7  73.7  45.7],[40.4 76.7 76.7],[151.1 150.4 122.4]
30993,[2041 2086 2121],3,76.70000000000073,110.70000000000073,64.59999999999975,76.70000000000073,141.3000000000005,151.09999999999854,[110.7  73.7  45.7],[40.4 76.7 76.7],[151.1 150.4 122.4]
30994,[2041 2086 2121],3,76.70000000000073,110.70000000000073,64.59999999999975,76.70000000000073,141.3000000000005,151.09999999999854,[110.7  73.7  45.7],[40.4 76.7 76.7],[151.1 150.4 122.4]
30995,[2041 2086 2121],3,76.70000000000073,110.70000000000073,64.59999999999975,76.70000000000073,141.3000000000005,151.09999999999854,[110.7  73.7  45.7],[40.4 76.7 76.7],[151.1 150.4 122.4]
30996,[2041 2086 2121],3,76.70000000000073,110.70000000000073,64.59999999999975,76.70000000000073,141.3000000000005,151.09999999999854,[110.7  73.7  45.7],[40.4 76.7 76.7],[151.1 150.4 122.4]
30997,[2041 2086 2121],3,76.70000000000073,110.70000000000073,64.59999999999975,76.70000000000073,141.3000000000005,151.09999999999854,[110.7  73.7  45.7],[40.4 76.7 76.7],[151.1 150.4 122.4]
30998,[2041 2086 2121],3,76.70000000000073,110.70000000000073,64.59999999999975,76.70000000000073,141.3000000000005,151.09999999999854,[110.7  73.7  45.7],[40.4 76.7 76.7],[151.1 150.4 122.4]
30999,[2041 2086 2121],3,76.70000000000073,110.70000000000073,64.59999999999975,76.70000000000073,141.3000000000005,151.09999999999854,[110.7  73.7  45.7],[40.4 76.7 76.7],[151.1 150.4 122.4]
31000,[2041 2086 2121],3,76.70000000000073,110.70000000000073,64.59999999999975,76.70000000000073,141.3000000000005,151.09999999999854,[110.7  73.7  45.7],[40.4 76.7 76.7],[151.1 150.4 122.4]
31001,[2041 2086 2121],3,76.70000000000073,110.70000000000073,64.59999999999975,76.70000000000073,141.3000000000005,151.09999999999854,[110.7  73.7  45.7],[40.4 76.7 76.7],[151.1 150.4 122.4]
31002,[2041 2086 2121],3,76.70000000000073,110.70000000000073,64.59999999999975,76.70000000000073,141.3000000000005,151.09999999999854,[110.7  73.7  45.7],[40.4 76.7 76.7],[151.1 150.4 122.4]
31003,[2041 2086 2121],3,76.70000000000073,110.70000000000073,64.59999999999975,76.70000000000073,141.3000000000005,151.09999999999854,[110.7  73.7  45.7],[40.4 76.7 76.7],[151.1 150.4 122.4]
31004,[2041 2086 2121],3,76.70000000000073,110.70000000000073,64.59999999999975,76.70000000000073,141.3000000000005,151.09999999999854,[110.7  73.7  45.7],[40.4 76.7 76.7],[151.1 150.4 122.4]
31005,[2041 2086 2121],3,76.70000000000073,110.70000000000073,64.59999999999975,76.70000000000073,141.3000000000005,151.09999999999854,[110.7  73.7  45.7],[40.4 76.7 76.7],[151.1 150.4 122.4]
31006,[2041 2086 2121],3,76.70000000000073,110.70000000000073,64.59999999999975,76.70000000000073,141.3000000000005,151.09999999999854,[110.7  73.7  45.7],[40.4 76.7 76.7],[151.1 150.4 122.4]
31007,[2041 2086 2121],3,76.70000000000073,110.70000000000073,64.59999999999975,76.70000000000073,141.3000000000005,151.09999999999854,[110.7  73.7  45.7],[40.4 76.7 76.7],[151.1 150.4 122.4]
31008,[2041 2086 2121],3,76.70000000000073,110.70000000000073,64.59999999999975,76.70000000000073,141.3000000000005,151.09999999999854,[110.7  73.7  45.7],[40.4 76.7 76.7],[151.1 150.4 122.4]
31009,[2041 2086 2121],3,76.70000000000073,110.70000000000073,64.59999999999975,76.70000000000073,141.3000000000005,151.09999999999854,[110.7  73.7  45.7],[40.4 76.7 76.7],[151.1 150.4 122.4]
31010,[2041 2086 2121],3,76.70000000000073,110.70000000000073,64.59999999999975,76.70000000000073,141.3000000000005,151.09999999999854,[110.7  73.7  45.7],[40.4 76.7 76.7],[151.1 150.4 122.4]
31011,[2041 2086 2121],3,76.70000000000073,110.70000000000073,64.59999999999975,76.70000000000073,141.3000000000005,151.09999999999854,[110.7  73.7  45.7],[40.4 76.7 76.7],[151.1 150.4 122.4]
31012,[2041 2086 2121],3,76.70000000000073,110.70000000000073,64.59999999999975,76.70000000000073,141.3000000000005,151.09999999999854,[110.7  73.7  45.7],[40.4 76.7 76.7],[151.1 150.4 122.4]
31013,[2041 2086 2121],3,76.70000000000073,110.70000000000073,64.59999999999975,76.70000000000073,141.3000000000005,151.09999999999854,[110.7  73.7  45.7],[40.4 76.7 76.7],[151.1 150.4 122.4]
31014,[2041 2086 2121],3,76.70000000000073,110.70000000000073,64.59999999999975,76.70000000000073,141.3000000000005,151.09999999999854,[110.7  73.7  45.7],[40.4 76.7 76.7],[151.1 150.4 122.4]
31015,[2041 2086 2121],3,76.70000000000073,110.70000000000073,64.59999999999975,76.70000000000073,141.3000000000005,151.09999999999854,[110.7  73.7  45.7],[40.4 76.7 76.7],[151.1 150.4 122.4]
31016,[2041 2086 2121],3,76.70000000000073,110.70000000000073,64.59999999999975,76.70000000000073,141.3000000000005,151.09999999999854,[110.7  73.7  45.7],[40.4 76.7 76.7],[151.1 150.4 122.4]
31017,[2041 2086 2121],3,76.70000000000073,110.70000000000073,64.59999999999975,76.70000000000073,141.3000000000005,151.09999999999854,[110.7  73.7  45.7],[40.4 76.7 76.7],[151.1 150.4 122.4]
31018,[2041 2086 2121],3,76.70000000000073,110.70000000000073,64.59999999999975,76.70000000000073,141.3000000000005,151.09999999999854,[110.7  73.7  45.7],[40.4 76.7 76.7],[151.1 150.4 122.4]
31019,[2041 2086 2121],3,76.70000000000073,110.70000000000073,64.59999999999975,76.70000000000073,141.3000000000005,151.09999999999854,[110.7  73.7  45.7],[40.4 76.7 76.7],[151.1 150.4 122.4]
31020,[2041 2086 2121],3,76.70000000000073,110.70000000000073,64.59999999999975,76.70000000000073,141.3000000000005,151.09999999999854,[110.7  73.7  45.7],[40.4 76.7 76.7],[151.1 150.4 122.4]
31021,[2041 2086 2121],3,76.70000000000073,110.70000000000073,64.59999999999975,76.70000000000073,141.3000000000005,151.09999999999854,[110.7  73.7  45.7],[40.4 76.7 76.7],[151.1 150.4 122.4]
31022,[2041 2086 2121],3,76.70000000000073,110.70000000000073,64.59999999999975,76.70000000000073,141.3000000000005,151.09999999999854,[110.7  73.7  45.7],[40.4 76.7 76.7],[151.1 150.4 122.4]
31023,[2041 2086 2121],3,76.70000000000073,110.70000000000073,64.59999999999975,76.70000000000073,141.3000000000005,151.09999999999854,[110.7  73.7  45.7],[40.4 76.7 76.7],[151.1 150.4 122.4]
31024,[2041 2086 2121],3,76.70000000000073,110.70000000000073,64.59999999999975,76.70000000000073,141.3000000000005,151.09999999999854,[110.7  73.7  45.7],[40.4 76.7 76.7],[151.1 150.4 122.4]
31025,[2041 2086 2121],3,76.70000000000073,110.70000000000073,64.59999999999975,76.70000000000073,141.3000000000005,151.09999999999854,[110.7  73.7  45.7],[40.4 76.7 76.7],[151.1 150.4 122.4]
31026,[2041 2086 2121],3,76.70000000000073,110.70000000000073,64.59999999999975,76.70000000000073,141.3000000000005,151.09999999999854,[110.7  73.7  45.7],[40.4 76.7 76.7],[151.1 150.4 122.4]
31027,[2041 2086 2121],3,76.70000000000073,110.70000000000073,64.59999999999975,76.70000000000073,141.3000000000005,151.09999999999854,[110.7  73.7  45.7],[40.4 76.7 76.7],[151.1 150.4 122.4]
31028,[2041 2086 2121],3,76.70000000000073,110.70000000000073,64.59999999999975,76.70000000000073,141.3000000000005,151.09999999999854,[110.7  73.7  45.7],[40.4 76.7 76.7],[151.1 150.4 122.4]
31029,[2041 2086 2121],3,76.70000000000073,110.70000000000073,64.59999999999975,76.70000000000073,141.3000000000005,151.09999999999854,[110.7  73.7  45.7],[40.4 76.7 76.7],[151.1 150.4 122.4]
31030,[],0,0.0,0.0,0.0,0.0,0.0,0.0,[],[],[]
31031,[],0,0.0,0.0,0.0,0.0,0.0,0.0,[],[],[]
31032,[],0,0.0,0.0,0.0,0.0,0.0,0.0,[],[],[]
31033,[],0,0.0,0.0,0.0,0.0,0.0,0.0,[],[],[]
31034,[],0,0.0,0.0,0.0,0.0,0.0,0.0,[],[],[]
31035,[],0,0.0,0.0,0.0,0.0,0.0,0.0,[],[],[]
31036,[],0,0.0,0.0,0.0,0.0,0.0,0.0,[],[],[]
31037,[],0,0.0,0.0,0.0,0.0,0.0,0.0,[],[],[]
31038,[],0,0.0,0.0,0.0,0.0,0.0,0.0,[],[],[]
31039,[2171],1,121.59999999999854,121.59999999999854,52.60000000000218,52.60000000000218,174.20000000000073,174.20000000000073,[121.6],[52.6],[174.2]
31040,[2171],1,121.59999999999854,121.59999999999854,52.60000000000218,52.60000000000218,174.20000000000073,174.20000000000073,[121.6],[52.6],[174.2]
31041,[2171],1,121.59999999999854,121.59999999999854,52.60000000000218,52.60000000000218,174.20000000000073,174.20000000000073,[121.6],[52.6],[174.2]
31042,[2171],1,121.59999999999854,121.59999999999854,52.60000000000218,52.60000000000218,174.20000000000073,174.20000000000073,[121.6],[52.6],[174.2]
31043,[2171],1,121.59999999999854,121.59999999999854,52.60000000000218,52.60000000000218,174.20000000000073,174.20000000000073,[121.6],[52.6],[174.2]
31044,[2171],1,121.59999999999854,121.59999999999854,52.60000000000218,52.60000000000218,174.20000000000073,174.20000000000073,[121.6],[52.6],[174.2]
31045,[2171],1,121.59999999999854,121.59999999999854,52.60000000000218,52.60000000000218,174.20000000000073,174.20000000000073,[121.6],[52.6],[174.2]
31046,[2171],1,121.59999999999854,121.59999999999854,52.60000000000218,52.60000000000218,174.20000000000073,174.20000000000073,[121.6],[52.6],[174.2]
31047,[2171],1,121.59999999999854,121.59999999999854,52.60000000000218,52.60000000000218,174.20000000000073,174.20000000000073,[121.6],[52.6],[174.2]
31048,[2171],1,121.59999999999854,121.59999999999854,52.60000000000218,52.60000000000218,174.20000000000073,174.20000000000073,[121.6],[52.6],[174.2]
31049,[2171],1,121.59999999999854,121.59999999999854,52.60000000000218,52.60000000000218,174.20000000000073,174.20000000000073,[121.6],[52.6],[174.2]
31050,[2171],1,121.59999999999854,121.59999999999854,52.60000000000218,52.60000000000218,174.20000000000073,174.20000000000073,[121.6],[52.6],[174.2]
31051,[2171 2182],2,105.79999999999927,121.59999999999854,58.150000000001455,63.70000000000073,163.95000000000073,174.20000000000073,[121.6  90. ],[52.6 63.7],[174.2 153.7]
31052,[2171 2182],2,105.79999999999927,121.59999999999854,58.150000000001455,63.70000000000073,163.95000000000073,174.20000000000073,[121.6  90. ],[52.6 63.7],[174.2 153.7]
31053,[2171 2182],2,105.79999999999927,121.59999999999854,58.150000000001455,63.70000000000073,163.95000000000073,174.20000000000073,[121.6  90. ],[52.6 63.7],[174.2 153.7]
31054,[2171 2182],2,105.79999999999927,121.59999999999854,58.150000000001455,63.70000000000073,163.95000000000073,174.20000000000073,[121.6  90. ],[52.6 63.7],[174.2 153.7]
31055,[2171 2182],2,105.79999999999927,121.59999999999854,58.150000000001455,63.70000000000073,163.95000000000073,174.20000000000073,[121.6  90. ],[52.6 63.7],[174.2 153.7]
31056,[2171 2182],2,105.79999999999927,121.59999999999854,58.150000000001455,63.70000000000073,163.95000000000073,174.20000000000073,[121.6  90. ],[52.6 63.7],[174.2 153.7]
31057,[2171 2182],2,105.79999999999927,121.59999999999854,58.150000000001455,63.70000000000073,163.95000000000073,174.20000000000073,[121.6  90. ],[52.6 63.7],[174.2 153.7]
31058,[2171 2182],2,105.79999999999927,121.59999999999854,58.150000000001455,63.70000000000073,163.95000000000073,174.20000000000073,[121.6  90. ],[52.6 63.7],[174.2 153.7]
31059,[2171 2182],2,105.79999999999927,121.59999999999854,58.150000000001455,63.70000000000073,163.95000000000073,174.20000000000073,[121.6  90. ],[52.6 63.7],[174.2 153.7]
31060,[2171 2182 2193],3,70.53333333333285,121.59999999999854,70.73333333333478,95.90000000000146,141.26666666666765,174.20000000000073,[121.6  90.    0. ],[52.6 63.7 95.9],[174.2 153.7  95.9]
31061,[2171 2182],2,105.79999999999927,121.59999999999854,58.150000000001455,63.70000000000073,163.95000000000073,174.20000000000073,[121.6  90. ],[52.6 63.7],[174.2 153.7]
31062,[2171 2182],2,105.79999999999927,121.59999999999854,58.150000000001455,63.70000000000073,163.95000000000073,174.20000000000073,[121.6  90. ],[52.6 63.7],[174.2 153.7]
31063,[2171 2182],2,105.79999999999927,121.59999999999854,58.150000000001455,63.70000000000073,163.95000000000073,174.20000000000073,[121.6  90. ],[52.6 63.7],[174.2 153.7]
31064,[2171 2182],2,105.79999999999927,121.59999999999854,58.150000000001455,63.70000000000073,163.95000000000073,174.20000000000073,[121.6  90. ],[52.6 63.7],[174.2 153.7]
31065,[2171 2182],2,105.79999999999927,121.59999999999854,58.150000000001455,63.70000000000073,163.95000000000073,174.20000000000073,[121.6  90. ],[52.6 63.7],[174.2 153.7]
31066,[2171 2182],2,105.79999999999927,121.59999999999854,58.150000000001455,63.70000000000073,163.95000000000073,174.20000000000073,[121.6  90. ],[52.6 63.7],[174.2 153.7]
31067,[2171 2182],2,105.79999999999927,121.59999999999854,58.150000000001455,63.70000000000073,163.95000000000073,174.20000000000073,[121.6  90. ],[52.6 63.7],[174.2 153.7]
31068,[2171 2182],2,105.79999999999927,121.59999999999854,58.150000000001455,63.70000000000073,163.95000000000073,174.20000000000073,[121.6  90. ],[52.6 63.7],[174.2 153.7]
31069,[2171 2182],2,105.79999999999927,121.59999999999854,58.150000000001455,63.70000000000073,163.95000000000073,174.20000000000073,[121.6  90. ],[52.6 63.7],[174.2 153.7]
31070,[2171 2182],2,105.79999999999927,121.59999999999854,58.150000000001455,63.70000000000073,163.95000000000073,174.20000000000073,[121.6  90. ],[52.6 63.7],[174.2 153.7]
31071,[2171 2182],2,105.79999999999927,121.59999999999854,58.150000000001455,63.70000000000073,163.95000000000073,174.20000000000073,[121.6  90. ],[52.6 63.7],[174.2 153.7]
31072,[2171 2182],2,105.79999999999927,121.59999999999854,58.150000000001455,63.70000000000073,163.95000000000073,174.20000000000073,[121.6  90. ],[52.6 63.7],[174.2 153.7]
31073,[2171 2182],2,105.79999999999927,121.59999999999854,58.150000000001455,63.70000000000073,163.95000000000073,174.20000000000073,[121.6  90. ],[52.6 63.7],[174.2 153.7]
31074,[2171 2182],2,105.79999999999927,121.59999999999854,58.150000000001455,63.70000000000073,163.95000000000073,174.20000000000073,[121.6  90. ],[52.6 63.7],[174.2 153.7]
31075,[2171 2182],2,105.79999999999927,121.59999999999854,58.150000000001455,63.70000000000073,163.95000000000073,174.20000000000073,[121.6  90. ],[52.6 63.7],[174.2 153.7]
31076,[2171 2182],2,105.79999999999927,121.59999999999854,58.150000000001455,63.70000000000073,163.95000000000073,174.20000000000073,[121.6  90. ],[52.6 63.7],[174.2 153.7]
31077,[2171 2182],2,105.79999999999927,121.59999999999854,58.150000000001455,63.70000000000073,163.95000000000073,174.20000000000073,[121.6  90. ],[52.6 63.7],[174.2 153.7]
31078,[2171 2182],2,105.79999999999927,121.59999999999854,58.150000000001455,63.70000000000073,163.95000000000073,174.20000000000073,[121.6  90. ],[52.6 63.7],[174.2 153.7]
31079,[2171 2182],2,105.79999999999927,121.59999999999854,58.150000000001455,63.70000000000073,163.95000000000073,174.20000000000073,[121.6  90. ],[52.6 63.7],[174.2 153.7]
31080,[2171 2182],2,105.79999999999927,121.59999999999854,58.150000000001455,63.70000000000073,163.95000000000073,174.20000000000073,[121.6  90. ],[52.6 63.7],[174.2 153.7]
31081,[2171 2182],2,105.79999999999927,121.59999999999854,58.150000000001455,63.70000000000073,163.95000000000073,174.20000000000073,[121.6  90. ],[52.6 63.7],[174.2 153.7]
31082,[2171 2182 2213],3,90.19999999999952,121.59999999999854,60.000000000001215,63.70000000000073,150.20000000000073,174.20000000000073,[121.6  90.   59. ],[52.6 63.7 63.7],[174.2 153.7 122.7]
31083,[2171 2182 2213],3,90.19999999999952,121.59999999999854,60.000000000001215,63.70000000000073,150.20000000000073,174.20000000000073,[121.6  90.   59. ],[52.6 63.7 63.7],[174.2 153.7 122.7]
31084,[2171 2182 2213],3,90.19999999999952,121.59999999999854,60.000000000001215,63.70000000000073,150.20000000000073,174.20000000000073,[121.6  90.   59. ],[52.6 63.7 63.7],[174.2 153.7 122.7]
31085,[2171 2182 2213],3,90.19999999999952,121.59999999999854,60.000000000001215,63.70000000000073,150.20000000000073,174.20000000000073,[121.6  90.   59. ],[52.6 63.7 63.7],[174.2 153.7 122.7]
31086,[2171 2182 2213],3,90.19999999999952,121.59999999999854,60.000000000001215,63.70000000000073,150.20000000000073,174.20000000000073,[121.6  90.   59. ],[52.6 63.7 63.7],[174.2 153.7 122.7]
31087,[2171 2182 2213],3,90.19999999999952,121.59999999999854,60.000000000001215,63.70000000000073,150.20000000000073,174.20000000000073,[121.6  90.   59. ],[52.6 63.7 63.7],[174.2 153.7 122.7]
31088,[2171 2182 2213],3,90.19999999999952,121.59999999999854,60.000000000001215,63.70000000000073,150.20000000000073,174.20000000000073,[121.6  90.   59. ],[52.6 63.7 63.7],[174.2 153.7 122.7]
31089,[2171 2182 2213],3,90.19999999999952,121.59999999999854,60.000000000001215,63.70000000000073,150.20000000000073,174.20000000000073,[121.6  90.   59. ],[52.6 63.7 63.7],[174.2 153.7 122.7]
31090,[2171 2182 2213],3,90.19999999999952,121.59999999999854,60.000000000001215,63.70000000000073,150.20000000000073,174.20000000000073,[121.6  90.   59. ],[52.6 63.7 63.7],[174.2 153.7 122.7]
31091,[2171 2182 2213],3,90.19999999999952,121.59999999999854,60.000000000001215,63.70000000000073,150.20000000000073,174.20000000000073,[121.6  90.   59. ],[52.6 63.7 63.7],[174.2 153.7 122.7]
31092,[2171 2182 2213],3,90.19999999999952,121.59999999999854,60.000000000001215,63.70000000000073,150.20000000000073,174.20000000000073,[121.6  90.   59. ],[52.6 63.7 63.7],[174.2 153.7 122.7]
31093,[2171 2182 2213],3,90.19999999999952,121.59999999999854,60.000000000001215,63.70000000000073,150.20000000000073,174.20000000000073,[121.6  90.   59. ],[52.6 63.7 63.7],[174.2 153.7 122.7]
31094,[2171 2182 2213],3,90.19999999999952,121.59999999999854,60.000000000001215,63.70000000000073,150.20000000000073,174.20000000000073,[121.6  90.   59. ],[52.6 63.7 63.7],[174.2 153.7 122.7]
31095,[2171 2182 2213],3,90.19999999999952,121.59999999999854,60.000000000001215,63.70000000000073,150.20000000000073,174.20000000000073,[121.6  90.   59. ],[52.6 63.7 63.7],[174.2 153.7 122.7]
31096,[2171 2182 2213],3,90.19999999999952,121.59999999999854,60.000000000001215,63.70000000000073,150.20000000000073,174.20000000000073,[121.6  90.   59. ],[52.6 63.7 63.7],[174.2 153.7 122.7]
31097,[2171 2182 2213],3,90.19999999999952,121.59999999999854,60.000000000001215,63.70000000000073,150.20000000000073,174.20000000000073,[121.6  90.   59. ],[52.6 63.7 63.7],[174.2 153.7 122.7]
31098,[2171 2182 2213],3,90.19999999999952,121.59999999999854,60.000000000001215,63.70000000000073,150.20000000000073,174.20000000000073,[121.6  90.   59. ],[52.6 63.7 63.7],[174.2 153.7 122.7]
31099,[2171 2182 2213],3,90.19999999999952,121.59999999999854,60.000000000001215,63.70000000000073,150.20000000000073,174.20000000000073,[121.6  90.   59. ],[52.6 63.7 63.7],[174.2 153.7 122.7]
31100,[2171 2182 2213],3,90.19999999999952,121.59999999999854,60.000000000001215,63.70000000000073,150.20000000000073,174.20000000000073,[121.6  90.   59. ],[52.6 63.7 63.7],[174.2 153.7 122.7]
31101,[2171 2182 2213],3,90.19999999999952,121.59999999999854,60.000000000001215,63.70000000000073,150.20000000000073,174.20000000000073,[121.6  90.   59. ],[52.6 63.7 63.7],[174.2 153.7 122.7]
31102,[2171 2182 2213],3,90.19999999999952,121.59999999999854,60.000000000001215,63.70000000000073,150.20000000000073,174.20000000000073,[121.6  90.   59. ],[52.6 63.7 63.7],[174.2 153.7 122.7]
31103,[2171 2182 2213],3,90.19999999999952,121.59999999999854,60.000000000001215,63.70000000000073,150.20000000000073,174.20000000000073,[121.6  90.   59. ],[52.6 63.7 63.7],[174.2 153.7 122.7]
31104,[2171 2182 2213],3,90.19999999999952,121.59999999999854,60.000000000001215,63.70000000000073,150.20000000000073,174.20000000000073,[121.6  90.   59. ],[52.6 63.7 63.7],[174.2 153.7 122.7]
31105,[2171 2182 2213],3,90.19999999999952,121.59999999999854,60.000000000001215,63.70000000000073,150.20000000000073,174.20000000000073,[121.6  90.   59. ],[52.6 63.7 63.7],[174.2 153.7 122.7]
31106,[2171 2182 2213],3,90.19999999999952,121.59999999999854,60.000000000001215,63.70000000000073,150.20000000000073,174.20000000000073,[121.6  90.   59. ],[52.6 63.7 63.7],[174.2 153.7 122.7]
31107,[2171 2182 2213],3,90.19999999999952,121.59999999999854,60.000000000001215,63.70000000000073,150.20000000000073,174.20000000000073,[121.6  90.   59. ],[52.6 63.7 63.7],[174.2 153.7 122.7]
31108,[2171 2182 2213],3,90.19999999999952,121.59999999999854,60.000000000001215,63.70000000000073,150.20000000000073,174.20000000000073,[121.6  90.   59. ],[52.6 63.7 63.7],[174.2 153.7 122.7]
31109,[2171 2182 2213],3,90.19999999999952,121.59999999999854,60.000000000001215,63.70000000000073,150.20000000000073,174.20000000000073,[121.6  90.   59. ],[52.6 63.7 63.7],[174.2 153.7 122.7]
31110,[2171 2182 2213],3,90.19999999999952,121.59999999999854,60.000000000001215,63.70000000000073,150.20000000000073,174.20000000000073,[121.6  90.   59. ],[52.6 63.7 63.7],[174.2 153.7 122.7]
31111,[2171 2182 2213],3,90.19999999999952,121.59999999999854,60.000000000001215,63.70000000000073,150.20000000000073,174.20000000000073,[121.6  90.   59. ],[52.6 63.7 63.7],[174.2 153.7 122.7]
31112,[2171 2182 2213],3,90.19999999999952,121.59999999999854,60.000000000001215,63.70000000000073,150.20000000000073,174.20000000000073,[121.6  90.   59. ],[52.6 63.7 63.7],[174.2 153.7 122.7]
31113,[2171 2182 2213],3,90.19999999999952,121.59999999999854,60.000000000001215,63.70000000000073,150.20000000000073,174.20000000000073,[121.6  90.   59. ],[52.6 63.7 63.7],[174.2 153.7 122.7]
31114,[2171 2182 2213],3,90.19999999999952,121.59999999999854,60.000000000001215,63.70000000000073,150.20000000000073,174.20000000000073,[121.6  90.   59. ],[52.6 63.7 63.7],[174.2 153.7 122.7]
31115,[2171 2182 2213],3,90.19999999999952,121.59999999999854,60.000000000001215,63.70000000000073,150.20000000000073,174.20000000000073,[121.6  90.   59. ],[52.6 63.7 63.7],[174.2 153.7 122.7]
31116,[2171 2182 2213],3,90.19999999999952,121.59999999999854,60.000000000001215,63.70000000000073,150.20000000000073,174.20000000000073,[121.6  90.   59. ],[52.6 63.7 63.7],[174.2 153.7 122.7]
31117,[2171 2182 2213],3,90.19999999999952,121.59999999999854,60.000000000001215,63.70000000000073,150.20000000000073,174.20000000000073,[121.6  90.   59. ],[52.6 63.7 63.7],[174.2 153.7 122.7]
31118,[2171 2182 2213 2247],4,78.29999999999927,121.59999999999854,58.150000000001455,63.70000000000073,136.45000000000073,174.20000000000073,[121.6  90.   59.   42.6],[52.6 63.7 63.7 52.6],[174.2 153.7 122.7  95.2]
31119,[2171 2182 2213 2247],4,78.29999999999927,121.59999999999854,58.150000000001455,63.70000000000073,136.45000000000073,174.20000000000073,[121.6  90.   59.   42.6],[52.6 63.7 63.7 52.6],[174.2 153.7 122.7  95.2]
31120,[2171 2182 2213 2247],4,78.29999999999927,121.59999999999854,58.150000000001455,63.70000000000073,136.45000000000073,174.20000000000073,[121.6  90.   59.   42.6],[52.6 63.7 63.7 52.6],[174.2 153.7 122.7  95.2]
31121,[2171 2182 2213 2247],4,78.29999999999927,121.59999999999854,58.150000000001455,63.70000000000073,136.45000000000073,174.20000000000073,[121.6  90.   59.   42.6],[52.6 63.7 63.7 52.6],[174.2 153.7 122.7  95.2]
31122,[2171 2182 2213 2247],4,78.29999999999927,121.59999999999854,58.150000000001455,63.70000000000073,136.45000000000073,174.20000000000073,[121.6  90.   59.   42.6],[52.6 63.7 63.7 52.6],[174.2 153.7 122.7  95.2]
31123,[2171 2182 2213 2247],4,78.29999999999927,121.59999999999854,58.150000000001455,63.70000000000073,136.45000000000073,174.20000000000073,[121.6  90.   59.   42.6],[52.6 63.7 63.7 52.6],[174.2 153.7 122.7  95.2]
31124,[2171 2182 2213 2247],4,78.29999999999927,121.59999999999854,58.150000000001455,63.70000000000073,136.45000000000073,174.20000000000073,[121.6  90.   59.   42.6],[52.6 63.7 63.7 52.6],[174.2 153.7 122.7  95.2]
31125,[2171 2182 2213 2247],4,78.29999999999927,121.59999999999854,58.150000000001455,63.70000000000073,136.45000000000073,174.20000000000073,[121.6  90.   59.   42.6],[52.6 63.7 63.7 52.6],[174.2 153.7 122.7  95.2]
31126,[2171 2182 2213 2247],4,78.29999999999927,121.59999999999854,58.150000000001455,63.70000000000073,136.45000000000073,174.20000000000073,[121.6  90.   59.   42.6],[52.6 63.7 63.7 52.6],[174.2 153.7 122.7  95.2]
31127,[2171 2182 2213 2247],4,78.29999999999927,121.59999999999854,58.150000000001455,63.70000000000073,136.45000000000073,174.20000000000073,[121.6  90.   59.   42.6],[52.6 63.7 63.7 52.6],[174.2 153.7 122.7  95.2]
31128,[2171 2182 2213 2247 2262],5,65.23999999999941,121.59999999999854,59.26000000000131,63.70000000000073,124.50000000000072,174.20000000000073,[121.6  90.   59.   42.6  13. ],[52.6 63.7 63.7 52.6 63.7],[174.2 153.7 122.7  95.2  76.7]
31129,[2171 2182 2213 2247 2262],5,65.23999999999941,121.59999999999854,59.26000000000131,63.70000000000073,124.50000000000072,174.20000000000073,[121.6  90.   59.   42.6  13. ],[52.6 63.7 63.7 52.6 63.7],[174.2 153.7 122.7  95.2  76.7]
31130,[2171 2182 2213 2247 2262],5,65.23999999999941,121.59999999999854,59.26000000000131,63.70000000000073,124.50000000000072,174.20000000000073,[121.6  90.   59.   42.6  13. ],[52.6 63.7 63.7 52.6 63.7],[174.2 153.7 122.7  95.2  76.7]
31131,[2171 2182 2213 2247 2262],5,65.23999999999941,121.59999999999854,59.26000000000131,63.70000000000073,124.50000000000072,174.20000000000073,[121.6  90.   59.   42.6  13. ],[52.6 63.7 63.7 52.6 63.7],[174.2 153.7 122.7  95.2  76.7]
31132,[2171 2182 2213 2247 2262],5,65.23999999999941,121.59999999999854,59.26000000000131,63.70000000000073,124.50000000000072,174.20000000000073,[121.6  90.   59.   42.6  13. ],[52.6 63.7 63.7 52.6 63.7],[174.2 153.7 122.7  95.2  76.7]
31133,[2171 2182 2213 2247 2262],5,65.23999999999941,121.59999999999854,59.26000000000131,63.70000000000073,124.50000000000072,174.20000000000073,[121.6  90.   59.   42.6  13. ],[52.6 63.7 63.7 52.6 63.7],[174.2 153.7 122.7  95.2  76.7]
31134,[2171 2182 2213 2247 2262],5,65.23999999999941,121.59999999999854,59.26000000000131,63.70000000000073,124.50000000000072,174.20000000000073,[121.6  90.   59.   42.6  13. ],[52.6 63.7 63.7 52.6 63.7],[174.2 153.7 122.7  95.2  76.7]
31135,[2171 2182 2213 2247 2262],5,65.23999999999941,121.59999999999854,59.26000000000131,63.70000000000073,124.50000000000072,174.20000000000073,[121.6  90.   59.   42.6  13. ],[52.6 63.7 63.7 52.6 63.7],[174.2 153.7 122.7  95.2  76.7]
31136,[2171 2182 2213 2247 2262],5,65.23999999999941,121.59999999999854,59.26000000000131,63.70000000000073,124.50000000000072,174.20000000000073,[121.6  90.   59.   42.6  13. ],[52.6 63.7 63.7 52.6 63.7],[174.2 153.7 122.7  95.2  76.7]
31137,[2171 2182 2213 2247 2262],5,65.23999999999941,121.59999999999854,59.26000000000131,63.70000000000073,124.50000000000072,174.20000000000073,[121.6  90.   59.   42.6  13. ],[52.6 63.7 63.7 52.6 63.7],[174.2 153.7 122.7  95.2  76.7]
31138,[2171 2182 2213 2247 2262],5,65.23999999999941,121.59999999999854,59.26000000000131,63.70000000000073,124.50000000000072,174.20000000000073,[121.6  90.   59.   42.6  13. ],[52.6 63.7 63.7 52.6 63.7],[174.2 153.7 122.7  95.2  76.7]
31139,[2171 2182 2213 2247 2262],5,65.23999999999941,121.59999999999854,59.26000000000131,63.70000000000073,124.50000000000072,174.20000000000073,[121.6  90.   59.   42.6  13. ],[52.6 63.7 63.7 52.6 63.7],[174.2 153.7 122.7  95.2  76.7]
31140,[2171 2182 2213 2247 2262],5,65.23999999999941,121.59999999999854,59.26000000000131,63.70000000000073,124.50000000000072,174.20000000000073,[121.6  90.   59.   42.6  13. ],[52.6 63.7 63.7 52.6 63.7],[174.2 153.7 122.7  95.2  76.7]
31141,[2171 2182 2213 2247 2262],5,65.23999999999941,121.59999999999854,59.26000000000131,63.70000000000073,124.50000000000072,174.20000000000073,[121.6  90.   59.   42.6  13. ],[52.6 63.7 63.7 52.6 63.7],[174.2 153.7 122.7  95.2  76.7]
31142,[2171 2247],2,82.09999999999854,121.59999999999854,52.60000000000218,52.60000000000218,134.70000000000073,174.20000000000073,[121.6  42.6],[52.6 52.6],[174.2  95.2]
31143,[2171 2247],2,82.09999999999854,121.59999999999854,52.60000000000218,52.60000000000218,134.70000000000073,174.20000000000073,[121.6  42.6],[52.6 52.6],[174.2  95.2]
31144,[2171 2247],2,82.09999999999854,121.59999999999854,52.60000000000218,52.60000000000218,134.70000000000073,174.20000000000073,[121.6  42.6],[52.6 52.6],[174.2  95.2]
31145,[2171 2247],2,82.09999999999854,121.59999999999854,52.60000000000218,52.60000000000218,134.70000000000073,174.20000000000073,[121.6  42.6],[52.6 52.6],[174.2  95.2]
31146,[2171 2247 2277],3,54.73333333333236,121.59999999999854,54.63333333333503,58.70000000000073,109.3666666666674,174.20000000000073,[121.6  42.6   0. ],[52.6 52.6 58.7],[174.2  95.2  58.7]
31147,[2171 2247],2,82.09999999999854,121.59999999999854,52.60000000000218,52.60000000000218,134.70000000000073,174.20000000000073,[121.6  42.6],[52.6 52.6],[174.2  95.2]
31148,[2171 2247],2,82.09999999999854,121.59999999999854,52.60000000000218,52.60000000000218,134.70000000000073,174.20000000000073,[121.6  42.6],[52.6 52.6],[174.2  95.2]
31149,[2171 2247],2,82.09999999999854,121.59999999999854,52.60000000000218,52.60000000000218,134.70000000000073,174.20000000000073,[121.6  42.6],[52.6 52.6],[174.2  95.2]
31150,[2171 2247],2,82.09999999999854,121.59999999999854,52.60000000000218,52.60000000000218,134.70000000000073,174.20000000000073,[121.6  42.6],[52.6 52.6],[174.2  95.2]
31151,[2171 2247],2,82.09999999999854,121.59999999999854,52.60000000000218,52.60000000000218,134.70000000000073,174.20000000000073,[121.6  42.6],[52.6 52.6],[174.2  95.2]
31152,[2171 2247],2,82.09999999999854,121.59999999999854,52.60000000000218,52.60000000000218,134.70000000000073,174.20000000000073,[121.6  42.6],[52.6 52.6],[174.2  95.2]
31153,[2171 2247],2,82.09999999999854,121.59999999999854,52.60000000000218,52.60000000000218,134.70000000000073,174.20000000000073,[121.6  42.6],[52.6 52.6],[174.2  95.2]
31154,[2171 2247],2,82.09999999999854,121.59999999999854,52.60000000000218,52.60000000000218,134.70000000000073,174.20000000000073,[121.6  42.6],[52.6 52.6],[174.2  95.2]
31155,[2171 2247],2,82.09999999999854,121.59999999999854,52.60000000000218,52.60000000000218,134.70000000000073,174.20000000000073,[121.6  42.6],[52.6 52.6],[174.2  95.2]
31156,[2171 2247],2,82.09999999999854,121.59999999999854,52.60000000000218,52.60000000000218,134.70000000000073,174.20000000000073,[121.6  42.6],[52.6 52.6],[174.2  95.2]
31157,[2171 2247],2,82.09999999999854,121.59999999999854,52.60000000000218,52.60000000000218,134.70000000000073,174.20000000000073,[121.6  42.6],[52.6 52.6],[174.2  95.2]
31158,[2171 2247],2,82.09999999999854,121.59999999999854,52.60000000000218,52.60000000000218,134.70000000000073,174.20000000000073,[121.6  42.6],[52.6 52.6],[174.2  95.2]
31159,[2171 2247],2,82.09999999999854,121.59999999999854,52.60000000000218,52.60000000000218,134.70000000000073,174.20000000000073,[121.6  42.6],[52.6 52.6],[174.2  95.2]
31160,[2171 2247],2,82.09999999999854,121.59999999999854,52.60000000000218,52.60000000000218,134.70000000000073,174.20000000000073,[121.6  42.6],[52.6 52.6],[174.2  95.2]
31161,[],0,0.0,0.0,0.0,0.0,0.0,0.0,[],[],[]
31162,[],0,0.0,0.0,0.0,0.0,0.0,0.0,[],[],[]
31163,[],0,0.0,0.0,0.0,0.0,0.0,0.0,[],[],[]
31164,[],0,0.0,0.0,0.0,0.0,0.0,0.0,[],[],[]
31165,[2289],1,41.900000000001455,41.900000000001455,84.59999999999854,84.59999999999854,126.5,126.5,[41.9],[84.6],[126.5]
31166,[2289],1,41.900000000001455,41.900000000001455,84.59999999999854,84.59999999999854,126.5,126.5,[41.9],[84.6],[126.5]
31167,[2289],1,41.900000000001455,41.900000000001455,84.59999999999854,84.59999999999854,126.5,126.5,[41.9],[84.6],[126.5]
31168,[2289],1,41.900000000001455,41.900000000001455,84.59999999999854,84.59999999999854,126.5,126.5,[41.9],[84.6],[126.5]
31169,[2289],1,41.900000000001455,41.900000000001455,84.59999999999854,84.59999999999854,126.5,126.5,[41.9],[84.6],[126.5]
31170,[2289],1,41.900000000001455,41.900000000001455,84.59999999999854,84.59999999999854,126.5,126.5,[41.9],[84.6],[126.5]
31171,[2289],1,41.900000000001455,41.900000000001455,84.59999999999854,84.59999999999854,126.5,126.5,[41.9],[84.6],[126.5]
31172,[2289],1,41.900000000001455,41.900000000001455,84.59999999999854,84.59999999999854,126.5,126.5,[41.9],[84.6],[126.5]
31173,[2289],1,41.900000000001455,41.900000000001455,84.59999999999854,84.59999999999854,126.5,126.5,[41.9],[84.6],[126.5]
31174,[2289],1,41.900000000001455,41.900000000001455,84.59999999999854,84.59999999999854,126.5,126.5,[41.9],[84.6],[126.5]
31175,[2289],1,41.900000000001455,41.900000000001455,84.59999999999854,84.59999999999854,126.5,126.5,[41.9],[84.6],[126.5]
31176,[2289],1,41.900000000001455,41.900000000001455,84.59999999999854,84.59999999999854,126.5,126.5,[41.9],[84.6],[126.5]
31177,[2289],1,41.900000000001455,41.900000000001455,84.59999999999854,84.59999999999854,126.5,126.5,[41.9],[84.6],[126.5]
31178,[2289],1,41.900000000001455,41.900000000001455,84.59999999999854,84.59999999999854,126.5,126.5,[41.9],[84.6],[126.5]
31179,[2289],1,41.900000000001455,41.900000000001455,84.59999999999854,84.59999999999854,126.5,126.5,[41.9],[84.6],[126.5]
31180,[2289],1,41.900000000001455,41.900000000001455,84.59999999999854,84.59999999999854,126.5,126.5,[41.9],[84.6],[126.5]
31181,[2289],1,41.900000000001455,41.900000000001455,84.59999999999854,84.59999999999854,126.5,126.5,[41.9],[84.6],[126.5]
31182,[2289],1,41.900000000001455,41.900000000001455,84.59999999999854,84.59999999999854,126.5,126.5,[41.9],[84.6],[126.5]
31183,[2289],1,41.900000000001455,41.900000000001455,84.59999999999854,84.59999999999854,126.5,126.5,[41.9],[84.6],[126.5]
31184,[2289],1,41.900000000001455,41.900000000001455,84.59999999999854,84.59999999999854,126.5,126.5,[41.9],[84.6],[126.5]
31185,[2289],1,41.900000000001455,41.900000000001455,84.59999999999854,84.59999999999854,126.5,126.5,[41.9],[84.6],[126.5]
31186,[2289],1,41.900000000001455,41.900000000001455,84.59999999999854,84.59999999999854,126.5,126.5,[41.9],[84.6],[126.5]
31187,[2289],1,41.900000000001455,41.900000000001455,84.59999999999854,84.59999999999854,126.5,126.5,[41.9],[84.6],[126.5]
31188,[2289],1,41.900000000001455,41.900000000001455,84.59999999999854,84.59999999999854,126.5,126.5,[41.9],[84.6],[126.5]
31189,[2289],1,41.900000000001455,41.900000000001455,84.59999999999854,84.59999999999854,126.5,126.5,[41.9],[84.6],[126.5]
31190,[2289],1,41.900000000001455,41.900000000001455,84.59999999999854,84.59999999999854,126.5,126.5,[41.9],[84.6],[126.5]
31191,[2289],1,41.900000000001455,41.900000000001455,84.59999999999854,84.59999999999854,126.5,126.5,[41.9],[84.6],[126.5]
31192,[2289],1,41.900000000001455,41.900000000001455,84.59999999999854,84.59999999999854,126.5,126.5,[41.9],[84.6],[126.5]
31193,[2289],1,41.900000000001455,41.900000000001455,84.59999999999854,84.59999999999854,126.5,126.5,[41.9],[84.6],[126.5]
31194,[2289],1,41.900000000001455,41.900000000001455,84.59999999999854,84.59999999999854,126.5,126.5,[41.9],[84.6],[126.5]
31195,[2289],1,41.900000000001455,41.900000000001455,84.59999999999854,84.59999999999854,126.5,126.5,[41.9],[84.6],[126.5]
31196,[2289],1,41.900000000001455,41.900000000001455,84.59999999999854,84.59999999999854,126.5,126.5,[41.9],[84.6],[126.5]
31197,[2289],1,41.900000000001455,41.900000000001455,84.59999999999854,84.59999999999854,126.5,126.5,[41.9],[84.6],[126.5]
31198,[2289],1,41.900000000001455,41.900000000001455,84.59999999999854,84.59999999999854,126.5,126.5,[41.9],[84.6],[126.5]
31199,[2289],1,41.900000000001455,41.900000000001455,84.59999999999854,84.59999999999854,126.5,126.5,[41.9],[84.6],[126.5]
31200,[2289],1,41.900000000001455,41.900000000001455,84.59999999999854,84.59999999999854,126.5,126.5,[41.9],[84.6],[126.5]
31201,[2289],1,41.900000000001455,41.900000000001455,84.59999999999854,84.59999999999854,126.5,126.5,[41.9],[84.6],[126.5]
31202,[2289],1,41.900000000001455,41.900000000001455,84.59999999999854,84.59999999999854,126.5,126.5,[41.9],[84.6],[126.5]
31203,[2289],1,41.900000000001455,41.900000000001455,84.59999999999854,84.59999999999854,126.5,126.5,[41.9],[84.6],[126.5]
31204,[2289],1,41.900000000001455,41.900000000001455,84.59999999999854,84.59999999999854,126.5,126.5,[41.9],[84.6],[126.5]
31205,[2289],1,41.900000000001455,41.900000000001455,84.59999999999854,84.59999999999854,126.5,126.5,[41.9],[84.6],[126.5]
31206,[2289],1,41.900000000001455,41.900000000001455,84.59999999999854,84.59999999999854,126.5,126.5,[41.9],[84.6],[126.5]
31207,[],0,0.0,0.0,0.0,0.0,0.0,0.0,[],[],[]
31208,[],0,0.0,0.0,0.0,0.0,0.0,0.0,[],[],[]
31209,[],0,0.0,0.0,0.0,0.0,0.0,0.0,[],[],[]
31210,[],0,0.0,0.0,0.0,0.0,0.0,0.0,[],[],[]
31211,[],0,0.0,0.0,0.0,0.0,0.0,0.0,[],[],[]
31212,[],0,0.0,0.0,0.0,0.0,0.0,0.0,[],[],[]
31213,[],0,0.0,0.0,0.0,0.0,0.0,0.0,[],[],[]
31214,[],0,0.0,0.0,0.0,0.0,0.0,0.0,[],[],[]
31215,[],0,0.0,0.0,0.0,0.0,0.0,0.0,[],[],[]
31216,[],0,0.0,0.0,0.0,0.0,0.0,0.0,[],[],[]
31217,[],0,0.0,0.0,0.0,0.0,0.0,0.0,[],[],[]
31218,[],0,0.0,0.0,0.0,0.0,0.0,0.0,[],[],[]
31219,[],0,0.0,0.0,0.0,0.0,0.0,0.0,[],[],[]
31220,[],0,0.0,0.0,0.0,0.0,0.0,0.0,[],[],[]
31221,[],0,0.0,0.0,0.0,0.0,0.0,0.0,[],[],[]
31222,[],0,0.0,0.0,0.0,0.0,0.0,0.0,[],[],[]
31223,[],0,0.0,0.0,0.0,0.0,0.0,0.0,[],[],[]
31224,[],0,0.0,0.0,0.0,0.0,0.0,0.0,[],[],[]
31225,[],0,0.0,0.0,0.0,0.0,0.0,0.0,[],[],[]
31226,[],0,0.0,0.0,0.0,0.0,0.0,0.0,[],[],[]
31227,[],0,0.0,0.0,0.0,0.0,0.0,0.0,[],[],[]
31228,[],0,0.0,0.0,0.0,0.0,0.0,0.0,[],[],[]
31229,[],0,0.0,0.0,0.0,0.0,0.0,0.0,[],[],[]
31230,[],0,0.0,0.0,0.0,0.0,0.0,0.0,[],[],[]
31231,[],0,0.0,0.0,0.0,0.0,0.0,0.0,[],[],[]
31232,[2351],1,130.59999999999854,130.59999999999854,48.5,48.5,179.09999999999854,179.09999999999854,[130.6],[48.5],[179.1]
31233,[2351],1,130.59999999999854,130.59999999999854,48.5,48.5,179.09999999999854,179.09999999999854,[130.6],[48.5],[179.1]
31234,[2351],1,130.59999999999854,130.59999999999854,48.5,48.5,179.09999999999854,179.09999999999854,[130.6],[48.5],[179.1]
31235,[2351],1,130.59999999999854,130.59999999999854,48.5,48.5,179.09999999999854,179.09999999999854,[130.6],[48.5],[179.1]
31236,[2351],1,130.59999999999854,130.59999999999854,48.5,48.5,179.09999999999854,179.09999999999854,[130.6],[48.5],[179.1]
31237,[2351],1,130.59999999999854,130.59999999999854,48.5,48.5,179.09999999999854,179.09999999999854,[130.6],[48.5],[179.1]
31238,[2351],1,130.59999999999854,130.59999999999854,48.5,48.5,179.09999999999854,179.09999999999854,[130.6],[48.5],[179.1]
31239,[2351],1,130.59999999999854,130.59999999999854,48.5,48.5,179.09999999999854,179.09999999999854,[130.6],[48.5],[179.1]
31240,[2351],1,130.59999999999854,130.59999999999854,48.5,48.5,179.09999999999854,179.09999999999854,[130.6],[48.5],[179.1]
31241,[2351 2360],2,67.34999999999854,130.59999999999854,57.70000000000073,66.90000000000146,125.04999999999927,179.09999999999854,[130.6   4.1],[48.5 66.9],[179.1  71. ]
31242,[2351 2360],2,67.34999999999854,130.59999999999854,57.70000000000073,66.90000000000146,125.04999999999927,179.09999999999854,[130.6   4.1],[48.5 66.9],[179.1  71. ]
31243,[2351 2360],2,67.34999999999854,130.59999999999854,57.70000000000073,66.90000000000146,125.04999999999927,179.09999999999854,[130.6   4.1],[48.5 66.9],[179.1  71. ]
31244,[2351 2360],2,67.34999999999854,130.59999999999854,57.70000000000073,66.90000000000146,125.04999999999927,179.09999999999854,[130.6   4.1],[48.5 66.9],[179.1  71. ]
31245,[2351 2360],2,67.34999999999854,130.59999999999854,57.70000000000073,66.90000000000146,125.04999999999927,179.09999999999854,[130.6   4.1],[48.5 66.9],[179.1  71. ]
31246,[2351],1,130.59999999999854,130.59999999999854,48.5,48.5,179.09999999999854,179.09999999999854,[130.6],[48.5],[179.1]
31247,[2351],1,130.59999999999854,130.59999999999854,48.5,48.5,179.09999999999854,179.09999999999854,[130.6],[48.5],[179.1]
31248,[2351 2367],2,65.29999999999927,130.59999999999854,56.25,64.0,121.54999999999927,179.09999999999854,[130.6   0. ],[48.5 64. ],[179.1  64. ]
31249,[2351],1,130.59999999999854,130.59999999999854,48.5,48.5,179.09999999999854,179.09999999999854,[130.6],[48.5],[179.1]
31250,[2351],1,130.59999999999854,130.59999999999854,48.5,48.5,179.09999999999854,179.09999999999854,[130.6],[48.5],[179.1]
31251,[2351],1,130.59999999999854,130.59999999999854,48.5,48.5,179.09999999999854,179.09999999999854,[130.6],[48.5],[179.1]
31252,[2351],1,130.59999999999854,130.59999999999854,48.5,48.5,179.09999999999854,179.09999999999854,[130.6],[48.5],[179.1]
31253,[2351],1,130.59999999999854,130.59999999999854,48.5,48.5,179.09999999999854,179.09999999999854,[130.6],[48.5],[179.1]
31254,[2351],1,130.59999999999854,130.59999999999854,48.5,48.5,179.09999999999854,179.09999999999854,[130.6],[48.5],[179.1]
31255,[2351],1,130.59999999999854,130.59999999999854,48.5,48.5,179.09999999999854,179.09999999999854,[130.6],[48.5],[179.1]
31256,[2351],1,130.59999999999854,130.59999999999854,48.5,48.5,179.09999999999854,179.09999999999854,[130.6],[48.5],[179.1]
31257,[2351],1,130.59999999999854,130.59999999999854,48.5,48.5,179.09999999999854,179.09999999999854,[130.6],[48.5],[179.1]
31258,[2351],1,130.59999999999854,130.59999999999854,48.5,48.5,179.09999999999854,179.09999999999854,[130.6],[48.5],[179.1]
31259,[2351],1,130.59999999999854,130.59999999999854,48.5,48.5,179.09999999999854,179.09999999999854,[130.6],[48.5],[179.1]
31260,[2351],1,130.59999999999854,130.59999999999854,48.5,48.5,179.09999999999854,179.09999999999854,[130.6],[48.5],[179.1]
31261,[2351],1,130.59999999999854,130.59999999999854,48.5,48.5,179.09999999999854,179.09999999999854,[130.6],[48.5],[179.1]
31262,[2351],1,130.59999999999854,130.59999999999854,48.5,48.5,179.09999999999854,179.09999999999854,[130.6],[48.5],[179.1]
31263,[2351],1,130.59999999999854,130.59999999999854,48.5,48.5,179.09999999999854,179.09999999999854,[130.6],[48.5],[179.1]
31264,[2351],1,130.59999999999854,130.59999999999854,48.5,48.5,179.09999999999854,179.09999999999854,[130.6],[48.5],[179.1]
31265,[2351],1,130.59999999999854,130.59999999999854,48.5,48.5,179.09999999999854,179.09999999999854,[130.6],[48.5],[179.1]
31266,[2351],1,130.59999999999854,130.59999999999854,48.5,48.5,179.09999999999854,179.09999999999854,[130.6],[48.5],[179.1]
31267,[2351],1,130.59999999999854,130.59999999999854,48.5,48.5,179.09999999999854,179.09999999999854,[130.6],[48.5],[179.1]
31268,[2351],1,130.59999999999854,130.59999999999854,48.5,48.5,179.09999999999854,179.09999999999854,[130.6],[48.5],[179.1]
31269,[2351],1,130.59999999999854,130.59999999999854,48.5,48.5,179.09999999999854,179.09999999999854,[130.6],[48.5],[179.1]
31270,[2351],1,130.59999999999854,130.59999999999854,48.5,48.5,179.09999999999854,179.09999999999854,[130.6],[48.5],[179.1]
31271,[2351],1,130.59999999999854,130.59999999999854,48.5,48.5,179.09999999999854,179.09999999999854,[130.6],[48.5],[179.1]
31272,[2351],1,130.59999999999854,130.59999999999854,48.5,48.5,179.09999999999854,179.09999999999854,[130.6],[48.5],[179.1]
31273,[2351],1,130.59999999999854,130.59999999999854,48.5,48.5,179.09999999999854,179.09999999999854,[130.6],[48.5],[179.1]
31274,[2351],1,130.59999999999854,130.59999999999854,48.5,48.5,179.09999999999854,179.09999999999854,[130.6],[48.5],[179.1]
31275,[2351],1,130.59999999999854,130.59999999999854,48.5,48.5,179.09999999999854,179.09999999999854,[130.6],[48.5],[179.1]
31276,[2351],1,130.59999999999854,130.59999999999854,48.5,48.5,179.09999999999854,179.09999999999854,[130.6],[48.5],[179.1]
31277,[2351],1,130.59999999999854,130.59999999999854,48.5,48.5,179.09999999999854,179.09999999999854,[130.6],[48.5],[179.1]
31278,[2351],1,130.59999999999854,130.59999999999854,48.5,48.5,179.09999999999854,179.09999999999854,[130.6],[48.5],[179.1]
31279,[2351],1,130.59999999999854,130.59999999999854,48.5,48.5,179.09999999999854,179.09999999999854,[130.6],[48.5],[179.1]
31280,[2351],1,130.59999999999854,130.59999999999854,48.5,48.5,179.09999999999854,179.09999999999854,[130.6],[48.5],[179.1]
31281,[2351],1,130.59999999999854,130.59999999999854,48.5,48.5,179.09999999999854,179.09999999999854,[130.6],[48.5],[179.1]
31282,[2351],1,130.59999999999854,130.59999999999854,48.5,48.5,179.09999999999854,179.09999999999854,[130.6],[48.5],[179.1]
31283,[2351],1,130.59999999999854,130.59999999999854,48.5,48.5,179.09999999999854,179.09999999999854,[130.6],[48.5],[179.1]
31284,[2351],1,130.59999999999854,130.59999999999854,48.5,48.5,179.09999999999854,179.09999999999854,[130.6],[48.5],[179.1]
31285,[2351],1,130.59999999999854,130.59999999999854,48.5,48.5,179.09999999999854,179.09999999999854,[130.6],[48.5],[179.1]
31286,[2351],1,130.59999999999854,130.59999999999854,48.5,48.5,179.09999999999854,179.09999999999854,[130.6],[48.5],[179.1]
31287,[2351],1,130.59999999999854,130.59999999999854,48.5,48.5,179.09999999999854,179.09999999999854,[130.6],[48.5],[179.1]
31288,[2351],1,130.59999999999854,130.59999999999854,48.5,48.5,179.09999999999854,179.09999999999854,[130.6],[48.5],[179.1]
31289,[2351],1,130.59999999999854,130.59999999999854,48.5,48.5,179.09999999999854,179.09999999999854,[130.6],[48.5],[179.1]
31290,[2351],1,130.59999999999854,130.59999999999854,48.5,48.5,179.09999999999854,179.09999999999854,[130.6],[48.5],[179.1]
31291,[2351],1,130.59999999999854,130.59999999999854,48.5,48.5,179.09999999999854,179.09999999999854,[130.6],[48.5],[179.1]
31292,[2351],1,130.59999999999854,130.59999999999854,48.5,48.5,179.09999999999854,179.09999999999854,[130.6],[48.5],[179.1]
31293,[2351],1,130.59999999999854,130.59999999999854,48.5,48.5,179.09999999999854,179.09999999999854,[130.6],[48.5],[179.1]
31294,[2351],1,130.59999999999854,130.59999999999854,48.5,48.5,179.09999999999854,179.09999999999854,[130.6],[48.5],[179.1]
31295,[2351],1,130.59999999999854,130.59999999999854,48.5,48.5,179.09999999999854,179.09999999999854,[130.6],[48.5],[179.1]
31296,[2351],1,130.59999999999854,130.59999999999854,48.5,48.5,179.09999999999854,179.09999999999854,[130.6],[48.5],[179.1]
31297,[2351],1,130.59999999999854,130.59999999999854,48.5,48.5,179.09999999999854,179.09999999999854,[130.6],[48.5],[179.1]
31298,[2351],1,130.59999999999854,130.59999999999854,48.5,48.5,179.09999999999854,179.09999999999854,[130.6],[48.5],[179.1]
31299,[2351],1,130.59999999999854,130.59999999999854,48.5,48.5,179.09999999999854,179.09999999999854,[130.6],[48.5],[179.1]
31300,[2351],1,130.59999999999854,130.59999999999854,48.5,48.5,179.09999999999854,179.09999999999854,[130.6],[48.5],[179.1]
31301,[2351],1,130.59999999999854,130.59999999999854,48.5,48.5,179.09999999999854,179.09999999999854,[130.6],[48.5],[179.1]
31302,[2351],1,130.59999999999854,130.59999999999854,48.5,48.5,179.09999999999854,179.09999999999854,[130.6],[48.5],[179.1]
31303,[2351],1,130.59999999999854,130.59999999999854,48.5,48.5,179.09999999999854,179.09999999999854,[130.6],[48.5],[179.1]
31304,[2351],1,130.59999999999854,130.59999999999854,48.5,48.5,179.09999999999854,179.09999999999854,[130.6],[48.5],[179.1]
31305,[2351],1,130.59999999999854,130.59999999999854,48.5,48.5,179.09999999999854,179.09999999999854,[130.6],[48.5],[179.1]
31306,[2351],1,130.59999999999854,130.59999999999854,48.5,48.5,179.09999999999854,179.09999999999854,[130.6],[48.5],[179.1]
31307,[2351],1,130.59999999999854,130.59999999999854,48.5,48.5,179.09999999999854,179.09999999999854,[130.6],[48.5],[179.1]
31308,[2351],1,130.59999999999854,130.59999999999854,48.5,48.5,179.09999999999854,179.09999999999854,[130.6],[48.5],[179.1]
31309,[2351],1,130.59999999999854,130.59999999999854,48.5,48.5,179.09999999999854,179.09999999999854,[130.6],[48.5],[179.1]
31310,[2351],1,130.59999999999854,130.59999999999854,48.5,48.5,179.09999999999854,179.09999999999854,[130.6],[48.5],[179.1]
31311,[2351],1,130.59999999999854,130.59999999999854,48.5,48.5,179.09999999999854,179.09999999999854,[130.6],[48.5],[179.1]
31312,[2351],1,130.59999999999854,130.59999999999854,48.5,48.5,179.09999999999854,179.09999999999854,[130.6],[48.5],[179.1]
31313,[2351],1,130.59999999999854,130.59999999999854,48.5,48.5,179.09999999999854,179.09999999999854,[130.6],[48.5],[179.1]
31314,[2351],1,130.59999999999854,130.59999999999854,48.5,48.5,179.09999999999854,179.09999999999854,[130.6],[48.5],[179.1]
31315,[2351],1,130.59999999999854,130.59999999999854,48.5,48.5,179.09999999999854,179.09999999999854,[130.6],[48.5],[179.1]
31316,[2351],1,130.59999999999854,130.59999999999854,48.5,48.5,179.09999999999854,179.09999999999854,[130.6],[48.5],[179.1]
31317,[2351],1,130.59999999999854,130.59999999999854,48.5,48.5,179.09999999999854,179.09999999999854,[130.6],[48.5],[179.1]
31318,[2351],1,130.59999999999854,130.59999999999854,48.5,48.5,179.09999999999854,179.09999999999854,[130.6],[48.5],[179.1]
31319,[2351],1,130.59999999999854,130.59999999999854,48.5,48.5,179.09999999999854,179.09999999999854,[130.6],[48.5],[179.1]
31320,[2351],1,130.59999999999854,130.59999999999854,48.5,48.5,179.09999999999854,179.09999999999854,[130.6],[48.5],[179.1]
31321,[2351],1,130.59999999999854,130.59999999999854,48.5,48.5,179.09999999999854,179.09999999999854,[130.6],[48.5],[179.1]
31322,[2351],1,130.59999999999854,130.59999999999854,48.5,48.5,179.09999999999854,179.09999999999854,[130.6],[48.5],[179.1]
31323,[2351],1,130.59999999999854,130.59999999999854,48.5,48.5,179.09999999999854,179.09999999999854,[130.6],[48.5],[179.1]
31324,[2351],1,130.59999999999854,130.59999999999854,48.5,48.5,179.09999999999854,179.09999999999854,[130.6],[48.5],[179.1]
31325,[2351],1,130.59999999999854,130.59999999999854,48.5,48.5,179.09999999999854,179.09999999999854,[130.6],[48.5],[179.1]
31326,[2351],1,130.59999999999854,130.59999999999854,48.5,48.5,179.09999999999854,179.09999999999854,[130.6],[48.5],[179.1]
31327,[2351],1,130.59999999999854,130.59999999999854,48.5,48.5,179.09999999999854,179.09999999999854,[130.6],[48.5],[179.1]
31328,[2351],1,130.59999999999854,130.59999999999854,48.5,48.5,179.09999999999854,179.09999999999854,[130.6],[48.5],[179.1]
31329,[2351],1,130.59999999999854,130.59999999999854,48.5,48.5,179.09999999999854,179.09999999999854,[130.6],[48.5],[179.1]
31330,[2351],1,130.59999999999854,130.59999999999854,48.5,48.5,179.09999999999854,179.09999999999854,[130.6],[48.5],[179.1]
31331,[2351],1,130.59999999999854,130.59999999999854,48.5,48.5,179.09999999999854,179.09999999999854,[130.6],[48.5],[179.1]
31332,[2351],1,130.59999999999854,130.59999999999854,48.5,48.5,179.09999999999854,179.09999999999854,[130.6],[48.5],[179.1]
31333,[2351],1,130.59999999999854,130.59999999999854,48.5,48.5,179.09999999999854,179.09999999999854,[130.6],[48.5],[179.1]
31334,[2351],1,130.59999999999854,130.59999999999854,48.5,48.5,179.09999999999854,179.09999999999854,[130.6],[48.5],[179.1]
31335,[2351],1,130.59999999999854,130.59999999999854,48.5,48.5,179.09999999999854,179.09999999999854,[130.6],[48.5],[179.1]
31336,[2351],1,130.59999999999854,130.59999999999854,48.5,48.5,179.09999999999854,179.09999999999854,[130.6],[48.5],[179.1]
31337,[2351],1,130.59999999999854,130.59999999999854,48.5,48.5,179.09999999999854,179.09999999999854,[130.6],[48.5],[179.1]
31338,[2351],1,130.59999999999854,130.59999999999854,48.5,48.5,179.09999999999854,179.09999999999854,[130.6],[48.5],[179.1]
31339,[2351],1,130.59999999999854,130.59999999999854,48.5,48.5,179.09999999999854,179.09999999999854,[130.6],[48.5],[179.1]
31340,[2351],1,130.59999999999854,130.59999999999854,48.5,48.5,179.09999999999854,179.09999999999854,[130.6],[48.5],[179.1]
31341,[2351],1,130.59999999999854,130.59999999999854,48.5,48.5,179.09999999999854,179.09999999999854,[130.6],[48.5],[179.1]
31342,[2351],1,130.59999999999854,130.59999999999854,48.5,48.5,179.09999999999854,179.09999999999854,[130.6],[48.5],[179.1]
31343,[2351 2459],2,75.09999999999854,130.59999999999854,48.5,48.5,123.59999999999854,179.09999999999854,[130.6  19.6],[48.5 48.5],[179.1  68.1]
31344,[2351 2459],2,75.09999999999854,130.59999999999854,48.5,48.5,123.59999999999854,179.09999999999854,[130.6  19.6],[48.5 48.5],[179.1  68.1]
31345,[2351 2459],2,75.09999999999854,130.59999999999854,48.5,48.5,123.59999999999854,179.09999999999854,[130.6  19.6],[48.5 48.5],[179.1  68.1]
31346,[2351 2459],2,75.09999999999854,130.59999999999854,48.5,48.5,123.59999999999854,179.09999999999854,[130.6  19.6],[48.5 48.5],[179.1  68.1]
31347,[2351 2459],2,75.09999999999854,130.59999999999854,48.5,48.5,123.59999999999854,179.09999999999854,[130.6  19.6],[48.5 48.5],[179.1  68.1]
31348,[2351 2459],2,75.09999999999854,130.59999999999854,48.5,48.5,123.59999999999854,179.09999999999854,[130.6  19.6],[48.5 48.5],[179.1  68.1]
31349,[2351 2459 2463],3,54.599999999998545,130.59999999999854,48.5,48.5,103.09999999999854,179.09999999999854,[130.6  19.6  13.6],[48.5 48.5 48.5],[179.1  68.1  62.1]
31350,[2351 2459 2463],3,54.599999999998545,130.59999999999854,48.5,48.5,103.09999999999854,179.09999999999854,[130.6  19.6  13.6],[48.5 48.5 48.5],[179.1  68.1  62.1]
31351,[2351 2459 2463],3,54.599999999998545,130.59999999999854,48.5,48.5,103.09999999999854,179.09999999999854,[130.6  19.6  13.6],[48.5 48.5 48.5],[179.1  68.1  62.1]
31352,[2351 2459 2463],3,54.599999999998545,130.59999999999854,48.5,48.5,103.09999999999854,179.09999999999854,[130.6  19.6  13.6],[48.5 48.5 48.5],[179.1  68.1  62.1]
31353,[2351 2459 2463],3,54.599999999998545,130.59999999999854,48.5,48.5,103.09999999999854,179.09999999999854,[130.6  19.6  13.6],[48.5 48.5 48.5],[179.1  68.1  62.1]
31354,[2351 2459 2463],3,54.599999999998545,130.59999999999854,48.5,48.5,103.09999999999854,179.09999999999854,[130.6  19.6  13.6],[48.5 48.5 48.5],[179.1  68.1  62.1]
31355,[2351 2459 2463],3,54.599999999998545,130.59999999999854,48.5,48.5,103.09999999999854,179.09999999999854,[130.6  19.6  13.6],[48.5 48.5 48.5],[179.1  68.1  62.1]
31356,[2351 2459 2463],3,54.599999999998545,130.59999999999854,48.5,48.5,103.09999999999854,179.09999999999854,[130.6  19.6  13.6],[48.5 48.5 48.5],[179.1  68.1  62.1]
31357,[2351 2459 2463],3,54.599999999998545,130.59999999999854,48.5,48.5,103.09999999999854,179.09999999999854,[130.6  19.6  13.6],[48.5 48.5 48.5],[179.1  68.1  62.1]
31358,[2351 2459 2463],3,54.599999999998545,130.59999999999854,48.5,48.5,103.09999999999854,179.09999999999854,[130.6  19.6  13.6],[48.5 48.5 48.5],[179.1  68.1  62.1]
31359,[2351 2459 2463],3,54.599999999998545,130.59999999999854,48.5,48.5,103.09999999999854,179.09999999999854,[130.6  19.6  13.6],[48.5 48.5 48.5],[179.1  68.1  62.1]
31360,[2351 2459 2463],3,54.599999999998545,130.59999999999854,48.5,48.5,103.09999999999854,179.09999999999854,[130.6  19.6  13.6],[48.5 48.5 48.5],[179.1  68.1  62.1]
31361,[2351 2459 2463],3,54.599999999998545,130.59999999999854,48.5,48.5,103.09999999999854,179.09999999999854,[130.6  19.6  13.6],[48.5 48.5 48.5],[179.1  68.1  62.1]
31362,[2351 2459 2463 2472],4,41.099999999998545,130.59999999999854,48.5,48.5,89.59999999999854,179.09999999999854,[130.6  19.6  13.6   0.6],[48.5 48.5 48.5 48.5],[179.1  68.1  62.1  49.1]
31363,[],0,0.0,0.0,0.0,0.0,0.0,0.0,[],[],[]
31364,[],0,0.0,0.0,0.0,0.0,0.0,0.0,[],[],[]
31365,[],0,0.0,0.0,0.0,0.0,0.0,0.0,[],[],[]
31366,[],0,0.0,0.0,0.0,0.0,0.0,0.0,[],[],[]
31367,[],0,0.0,0.0,0.0,0.0,0.0,0.0,[],[],[]
31368,[],0,0.0,0.0,0.0,0.0,0.0,0.0,[],[],[]
31369,[],0,0.0,0.0,0.0,0.0,0.0,0.0,[],[],[]
31370,[],0,0.0,0.0,0.0,0.0,0.0,0.0,[],[],[]
31371,[],0,0.0,0.0,0.0,0.0,0.0,0.0,[],[],[]
31372,[],0,0.0,0.0,0.0,0.0,0.0,0.0,[],[],[]
31373,[],0,0.0,0.0,0.0,0.0,0.0,0.0,[],[],[]
31374,[],0,0.0,0.0,0.0,0.0,0.0,0.0,[],[],[]
31375,[],0,0.0,0.0,0.0,0.0,0.0,0.0,[],[],[]
31376,[],0,0.0,0.0,0.0,0.0,0.0,0.0,[],[],[]
31377,[],0,0.0,0.0,0.0,0.0,0.0,0.0,[],[],[]
31378,[],0,0.0,0.0,0.0,0.0,0.0,0.0,[],[],[]
31379,[],0,0.0,0.0,0.0,0.0,0.0,0.0,[],[],[]
31380,[],0,0.0,0.0,0.0,0.0,0.0,0.0,[],[],[]
31381,[],0,0.0,0.0,0.0,0.0,0.0,0.0,[],[],[]
31382,[],0,0.0,0.0,0.0,0.0,0.0,0.0,[],[],[]
31383,[],0,0.0,0.0,0.0,0.0,0.0,0.0,[],[],[]
31384,[],0,0.0,0.0,0.0,0.0,0.0,0.0,[],[],[]
31385,[],0,0.0,0.0,0.0,0.0,0.0,0.0,[],[],[]
31386,[],0,0.0,0.0,0.0,0.0,0.0,0.0,[],[],[]
31387,[],0,0.0,0.0,0.0,0.0,0.0,0.0,[],[],[]
31388,[],0,0.0,0.0,0.0,0.0,0.0,0.0,[],[],[]
31389,[],0,0.0,0.0,0.0,0.0,0.0,0.0,[],[],[]
31390,[],0,0.0,0.0,0.0,0.0,0.0,0.0,[],[],[]
31391,[],0,0.0,0.0,0.0,0.0,0.0,0.0,[],[],[]
31392,[],0,0.0,0.0,0.0,0.0,0.0,0.0,[],[],[]
31393,[],0,0.0,0.0,0.0,0.0,0.0,0.0,[],[],[]
31394,[],0,0.0,0.0,0.0,0.0,0.0,0.0,[],[],[]
31395,[],0,0.0,0.0,0.0,0.0,0.0,0.0,[],[],[]
31396,[],0,0.0,0.0,0.0,0.0,0.0,0.0,[],[],[]
31397,[],0,0.0,0.0,0.0,0.0,0.0,0.0,[],[],[]
31398,[],0,0.0,0.0,0.0,0.0,0.0,0.0,[],[],[]
31399,[],0,0.0,0.0,0.0,0.0,0.0,0.0,[],[],[]
31400,[],0,0.0,0.0,0.0,0.0,0.0,0.0,[],[],[]
31401,[],0,0.0,0.0,0.0,0.0,0.0,0.0,[],[],[]
31402,[],0,0.0,0.0,0.0,0.0,0.0,0.0,[],[],[]
31403,[],0,0.0,0.0,0.0,0.0,0.0,0.0,[],[],[]
31404,[],0,0.0,0.0,0.0,0.0,0.0,0.0,[],[],[]
31405,[],0,0.0,0.0,0.0,0.0,0.0,0.0,[],[],[]
31406,[],0,0.0,0.0,0.0,0.0,0.0,0.0,[],[],[]
31407,[],0,0.0,0.0,0.0,0.0,0.0,0.0,[],[],[]
31408,[],0,0.0,0.0,0.0,0.0,0.0,0.0,[],[],[]
31409,[],0,0.0,0.0,0.0,0.0,0.0,0.0,[],[],[]
31410,[],0,0.0,0.0,0.0,0.0,0.0,0.0,[],[],[]
31411,[],0,0.0,0.0,0.0,0.0,0.0,0.0,[],[],[]
31412,[],0,0.0,0.0,0.0,0.0,0.0,0.0,[],[],[]
31413,[],0,0.0,0.0,0.0,0.0,0.0,0.0,[],[],[]
31414,[],0,0.0,0.0,0.0,0.0,0.0,0.0,[],[],[]
31415,[],0,0.0,0.0,0.0,0.0,0.0,0.0,[],[],[]
31416,[],0,0.0,0.0,0.0,0.0,0.0,0.0,[],[],[]
31417,[],0,0.0,0.0,0.0,0.0,0.0,0.0,[],[],[]
31418,[],0,0.0,0.0,0.0,0.0,0.0,0.0,[],[],[]
31419,[],0,0.0,0.0,0.0,0.0,0.0,0.0,[],[],[]
31420,[],0,0.0,0.0,0.0,0.0,0.0,0.0,[],[],[]
31421,[],0,0.0,0.0,0.0,0.0,0.0,0.0,[],[],[]
31422,[],0,0.0,0.0,0.0,0.0,0.0,0.0,[],[],[]
31423,[],0,0.0,0.0,0.0,0.0,0.0,0.0,[],[],[]
31424,[],0,0.0,0.0,0.0,0.0,0.0,0.0,[],[],[]
31425,[],0,0.0,0.0,0.0,0.0,0.0,0.0,[],[],[]
31426,[],0,0.0,0.0,0.0,0.0,0.0,0.0,[],[],[]
31427,[],0,0.0,0.0,0.0,0.0,0.0,0.0,[],[],[]
31428,[],0,0.0,0.0,0.0,0.0,0.0,0.0,[],[],[]
31429,[],0,0.0,0.0,0.0,0.0,0.0,0.0,[],[],[]
31430,[],0,0.0,0.0,0.0,0.0,0.0,0.0,[],[],[]
31431,[],0,0.0,0.0,0.0,0.0,0.0,0.0,[],[],[]
31432,[],0,0.0,0.0,0.0,0.0,0.0,0.0,[],[],[]
31433,[],0,0.0,0.0,0.0,0.0,0.0,0.0,[],[],[]
31434,[2531],1,39.70000000000073,39.70000000000073,67.59999999999854,67.59999999999854,107.29999999999927,107.29999999999927,[39.7],[67.6],[107.3]
31435,[2531],1,39.70000000000073,39.70000000000073,67.59999999999854,67.59999999999854,107.29999999999927,107.29999999999927,[39.7],[67.6],[107.3]
31436,[2531],1,39.70000000000073,39.70000000000073,67.59999999999854,67.59999999999854,107.29999999999927,107.29999999999927,[39.7],[67.6],[107.3]
31437,[2531],1,39.70000000000073,39.70000000000073,67.59999999999854,67.59999999999854,107.29999999999927,107.29999999999927,[39.7],[67.6],[107.3]
31438,[2531],1,39.70000000000073,39.70000000000073,67.59999999999854,67.59999999999854,107.29999999999927,107.29999999999927,[39.7],[67.6],[107.3]
31439,[2531],1,39.70000000000073,39.70000000000073,67.59999999999854,67.59999999999854,107.29999999999927,107.29999999999927,[39.7],[67.6],[107.3]
31440,[2531],1,39.70000000000073,39.70000000000073,67.59999999999854,67.59999999999854,107.29999999999927,107.29999999999927,[39.7],[67.6],[107.3]
31441,[2531],1,39.70000000000073,39.70000000000073,67.59999999999854,67.59999999999854,107.29999999999927,107.29999999999927,[39.7],[67.6],[107.3]
31442,[2531],1,39.70000000000073,39.70000000000073,67.59999999999854,67.59999999999854,107.29999999999927,107.29999999999927,[39.7],[67.6],[107.3]
31443,[2531],1,39.70000000000073,39.70000000000073,67.59999999999854,67.59999999999854,107.29999999999927,107.29999999999927,[39.7],[67.6],[107.3]
31444,[2531],1,39.70000000000073,39.70000000000073,67.59999999999854,67.59999999999854,107.29999999999927,107.29999999999927,[39.7],[67.6],[107.3]
31445,[2531],1,39.70000000000073,39.70000000000073,67.59999999999854,67.59999999999854,107.29999999999927,107.29999999999927,[39.7],[67.6],[107.3]
31446,[2531],1,39.70000000000073,39.70000000000073,67.59999999999854,67.59999999999854,107.29999999999927,107.29999999999927,[39.7],[67.6],[107.3]
31447,[2531],1,39.70000000000073,39.70000000000073,67.59999999999854,67.59999999999854,107.29999999999927,107.29999999999927,[39.7],[67.6],[107.3]
31448,[2531],1,39.70000000000073,39.70000000000073,67.59999999999854,67.59999999999854,107.29999999999927,107.29999999999927,[39.7],[67.6],[107.3]
31449,[2531],1,39.70000000000073,39.70000000000073,67.59999999999854,67.59999999999854,107.29999999999927,107.29999999999927,[39.7],[67.6],[107.3]
31450,[2531],1,39.70000000000073,39.70000000000073,67.59999999999854,67.59999999999854,107.29999999999927,107.29999999999927,[39.7],[67.6],[107.3]
31451,[2531],1,39.70000000000073,39.70000000000073,67.59999999999854,67.59999999999854,107.29999999999927,107.29999999999927,[39.7],[67.6],[107.3]
31452,[2531],1,39.70000000000073,39.70000000000073,67.59999999999854,67.59999999999854,107.29999999999927,107.29999999999927,[39.7],[67.6],[107.3]
31453,[2531],1,39.70000000000073,39.70000000000073,67.59999999999854,67.59999999999854,107.29999999999927,107.29999999999927,[39.7],[67.6],[107.3]
31454,[2531],1,39.70000000000073,39.70000000000073,67.59999999999854,67.59999999999854,107.29999999999927,107.29999999999927,[39.7],[67.6],[107.3]
31455,[2531],1,39.70000000000073,39.70000000000073,67.59999999999854,67.59999999999854,107.29999999999927,107.29999999999927,[39.7],[67.6],[107.3]
31456,[2531 2551],2,28.700000000000728,39.70000000000073,67.59999999999854,67.59999999999854,96.29999999999927,107.29999999999927,[39.7 17.7],[67.6 67.6],[107.3  85.3]
31457,[2531 2551 2552],3,19.13333333333382,39.70000000000073,65.46666666666594,67.59999999999854,84.59999999999975,107.29999999999927,[39.7 17.7  0. ],[67.6 67.6 61.2],[107.3  85.3  61.2]
31458,[2531 2551],2,28.700000000000728,39.70000000000073,67.59999999999854,67.59999999999854,96.29999999999927,107.29999999999927,[39.7 17.7],[67.6 67.6],[107.3  85.3]
31459,[2531 2551],2,28.700000000000728,39.70000000000073,67.59999999999854,67.59999999999854,96.29999999999927,107.29999999999927,[39.7 17.7],[67.6 67.6],[107.3  85.3]
31460,[2531 2551],2,28.700000000000728,39.70000000000073,67.59999999999854,67.59999999999854,96.29999999999927,107.29999999999927,[39.7 17.7],[67.6 67.6],[107.3  85.3]
31461,[2531 2551 2557],3,23.366666666667395,39.70000000000073,67.59999999999854,67.59999999999854,90.96666666666594,107.29999999999927,[39.7 17.7 12.7],[67.6 67.6 67.6],[107.3  85.3  80.3]
31462,[2531 2551 2557],3,23.366666666667395,39.70000000000073,67.59999999999854,67.59999999999854,90.96666666666594,107.29999999999927,[39.7 17.7 12.7],[67.6 67.6 67.6],[107.3  85.3  80.3]
31463,[2531 2551 2557],3,23.366666666667395,39.70000000000073,67.59999999999854,67.59999999999854,90.96666666666594,107.29999999999927,[39.7 17.7 12.7],[67.6 67.6 67.6],[107.3  85.3  80.3]
31464,[2531 2551 2557],3,23.366666666667395,39.70000000000073,67.59999999999854,67.59999999999854,90.96666666666594,107.29999999999927,[39.7 17.7 12.7],[67.6 67.6 67.6],[107.3  85.3  80.3]
31465,[2531 2551 2557],3,23.366666666667395,39.70000000000073,67.59999999999854,67.59999999999854,90.96666666666594,107.29999999999927,[39.7 17.7 12.7],[67.6 67.6 67.6],[107.3  85.3  80.3]
31466,[2531 2551 2557],3,23.366666666667395,39.70000000000073,67.59999999999854,67.59999999999854,90.96666666666594,107.29999999999927,[39.7 17.7 12.7],[67.6 67.6 67.6],[107.3  85.3  80.3]
31467,[2531 2551 2557],3,23.366666666667395,39.70000000000073,67.59999999999854,67.59999999999854,90.96666666666594,107.29999999999927,[39.7 17.7 12.7],[67.6 67.6 67.6],[107.3  85.3  80.3]
31468,[2531 2551 2557],3,23.366666666667395,39.70000000000073,67.59999999999854,67.59999999999854,90.96666666666594,107.29999999999927,[39.7 17.7 12.7],[67.6 67.6 67.6],[107.3  85.3  80.3]
31469,[2531 2551 2557],3,23.366666666667395,39.70000000000073,67.59999999999854,67.59999999999854,90.96666666666594,107.29999999999927,[39.7 17.7 12.7],[67.6 67.6 67.6],[107.3  85.3  80.3]
31470,[2531 2551 2557],3,23.366666666667395,39.70000000000073,67.59999999999854,67.59999999999854,90.96666666666594,107.29999999999927,[39.7 17.7 12.7],[67.6 67.6 67.6],[107.3  85.3  80.3]
31471,[2531 2551 2557],3,23.366666666667395,39.70000000000073,67.59999999999854,67.59999999999854,90.96666666666594,107.29999999999927,[39.7 17.7 12.7],[67.6 67.6 67.6],[107.3  85.3  80.3]
31472,[2531 2551 2557],3,23.366666666667395,39.70000000000073,67.59999999999854,67.59999999999854,90.96666666666594,107.29999999999927,[39.7 17.7 12.7],[67.6 67.6 67.6],[107.3  85.3  80.3]
31473,[2531 2551 2557],3,23.366666666667395,39.70000000000073,67.59999999999854,67.59999999999854,90.96666666666594,107.29999999999927,[39.7 17.7 12.7],[67.6 67.6 67.6],[107.3  85.3  80.3]
31474,[],0,0.0,0.0,0.0,0.0,0.0,0.0,[],[],[]
31475,[],0,0.0,0.0,0.0,0.0,0.0,0.0,[],[],[]
31476,[],0,0.0,0.0,0.0,0.0,0.0,0.0,[],[],[]
31477,[],0,0.0,0.0,0.0,0.0,0.0,0.0,[],[],[]
31478,[],0,0.0,0.0,0.0,0.0,0.0,0.0,[],[],[]
31479,[],0,0.0,0.0,0.0,0.0,0.0,0.0,[],[],[]
31480,[],0,0.0,0.0,0.0,0.0,0.0,0.0,[],[],[]
31481,[],0,0.0,0.0,0.0,0.0,0.0,0.0,[],[],[]
31482,[],0,0.0,0.0,0.0,0.0,0.0,0.0,[],[],[]
31483,[],0,0.0,0.0,0.0,0.0,0.0,0.0,[],[],[]
31484,[2582],1,0.0,0.0,57.29999999999927,57.29999999999927,57.29999999999927,57.29999999999927,[0.],[57.3],[57.3]
31485,[],0,0.0,0.0,0.0,0.0,0.0,0.0,[],[],[]
31486,[],0,0.0,0.0,0.0,0.0,0.0,0.0,[],[],[]
31487,[],0,0.0,0.0,0.0,0.0,0.0,0.0,[],[],[]
31488,[],0,0.0,0.0,0.0,0.0,0.0,0.0,[],[],[]
31489,[],0,0.0,0.0,0.0,0.0,0.0,0.0,[],[],[]
31490,[],0,0.0,0.0,0.0,0.0,0.0,0.0,[],[],[]
31491,[],0,0.0,0.0,0.0,0.0,0.0,0.0,[],[],[]
31492,[],0,0.0,0.0,0.0,0.0,0.0,0.0,[],[],[]
31493,[],0,0.0,0.0,0.0,0.0,0.0,0.0,[],[],[]
31494,[],0,0.0,0.0,0.0,0.0,0.0,0.0,[],[],[]
31495,[],0,0.0,0.0,0.0,0.0,0.0,0.0,[],[],[]
31496,[],0,0.0,0.0,0.0,0.0,0.0,0.0,[],[],[]
31497,[],0,0.0,0.0,0.0,0.0,0.0,0.0,[],[],[]
31498,[],0,0.0,0.0,0.0,0.0,0.0,0.0,[],[],[]
31499,[],0,0.0,0.0,0.0,0.0,0.0,0.0,[],[],[]
31500,[],0,0.0,0.0,0.0,0.0,0.0,0.0,[],[],[]
31501,[],0,0.0,0.0,0.0,0.0,0.0,0.0,[],[],[]
31502,[],0,0.0,0.0,0.0,0.0,0.0,0.0,[],[],[]
31503,[],0,0.0,0.0,0.0,0.0,0.0,0.0,[],[],[]
31504,[],0,0.0,0.0,0.0,0.0,0.0,0.0,[],[],[]
31505,[],0,0.0,0.0,0.0,0.0,0.0,0.0,[],[],[]
31506,[],0,0.0,0.0,0.0,0.0,0.0,0.0,[],[],[]
31507,[],0,0.0,0.0,0.0,0.0,0.0,0.0,[],[],[]
31508,[],0,0.0,0.0,0.0,0.0,0.0,0.0,[],[],[]
31509,[],0,0.0,0.0,0.0,0.0,0.0,0.0,[],[],[]
31510,[],0,0.0,0.0,0.0,0.0,0.0,0.0,[],[],[]
31511,[],0,0.0,0.0,0.0,0.0,0.0,0.0,[],[],[]
31512,[],0,0.0,0.0,0.0,0.0,0.0,0.0,[],[],[]
31513,[],0,0.0,0.0,0.0,0.0,0.0,0.0,[],[],[]
31514,[],0,0.0,0.0,0.0,0.0,0.0,0.0,[],[],[]
31515,[],0,0.0,0.0,0.0,0.0,0.0,0.0,[],[],[]
31516,[],0,0.0,0.0,0.0,0.0,0.0,0.0,[],[],[]
31517,[],0,0.0,0.0,0.0,0.0,0.0,0.0,[],[],[]
31518,[],0,0.0,0.0,0.0,0.0,0.0,0.0,[],[],[]
31519,[],0,0.0,0.0,0.0,0.0,0.0,0.0,[],[],[]
31520,[],0,0.0,0.0,0.0,0.0,0.0,0.0,[],[],[]
31521,[],0,0.0,0.0,0.0,0.0,0.0,0.0,[],[],[]
31522,[],0,0.0,0.0,0.0,0.0,0.0,0.0,[],[],[]
31523,[],0,0.0,0.0,0.0,0.0,0.0,0.0,[],[],[]
31524,[],0,0.0,0.0,0.0,0.0,0.0,0.0,[],[],[]
31525,[],0,0.0,0.0,0.0,0.0,0.0,0.0,[],[],[]
31526,[],0,0.0,0.0,0.0,0.0,0.0,0.0,[],[],[]
31527,[],0,0.0,0.0,0.0,0.0,0.0,0.0,[],[],[]
31528,[],0,0.0,0.0,0.0,0.0,0.0,0.0,[],[],[]
31529,[],0,0.0,0.0,0.0,0.0,0.0,0.0,[],[],[]
31530,[],0,0.0,0.0,0.0,0.0,0.0,0.0,[],[],[]
31531,[],0,0.0,0.0,0.0,0.0,0.0,0.0,[],[],[]
31532,[],0,0.0,0.0,0.0,0.0,0.0,0.0,[],[],[]
31533,[],0,0.0,0.0,0.0,0.0,0.0,0.0,[],[],[]
31534,[],0,0.0,0.0,0.0,0.0,0.0,0.0,[],[],[]
31535,[2622],1,26.700000000000728,26.700000000000728,47.89999999999782,47.89999999999782,74.59999999999854,74.59999999999854,[26.7],[47.9],[74.6]
31536,[2622],1,26.700000000000728,26.700000000000728,47.89999999999782,47.89999999999782,74.59999999999854,74.59999999999854,[26.7],[47.9],[74.6]
31537,[2622],1,26.700000000000728,26.700000000000728,47.89999999999782,47.89999999999782,74.59999999999854,74.59999999999854,[26.7],[47.9],[74.6]
31538,[2622],1,26.700000000000728,26.700000000000728,47.89999999999782,47.89999999999782,74.59999999999854,74.59999999999854,[26.7],[47.9],[74.6]
31539,[2622],1,26.700000000000728,26.700000000000728,47.89999999999782,47.89999999999782,74.59999999999854,74.59999999999854,[26.7],[47.9],[74.6]
31540,[2622],1,26.700000000000728,26.700000000000728,47.89999999999782,47.89999999999782,74.59999999999854,74.59999999999854,[26.7],[47.9],[74.6]
31541,[2622],1,26.700000000000728,26.700000000000728,47.89999999999782,47.89999999999782,74.59999999999854,74.59999999999854,[26.7],[47.9],[74.6]
31542,[2622],1,26.700000000000728,26.700000000000728,47.89999999999782,47.89999999999782,74.59999999999854,74.59999999999854,[26.7],[47.9],[74.6]
31543,[2622],1,26.700000000000728,26.700000000000728,47.89999999999782,47.89999999999782,74.59999999999854,74.59999999999854,[26.7],[47.9],[74.6]
31544,[2622],1,26.700000000000728,26.700000000000728,47.89999999999782,47.89999999999782,74.59999999999854,74.59999999999854,[26.7],[47.9],[74.6]
31545,[2622],1,26.700000000000728,26.700000000000728,47.89999999999782,47.89999999999782,74.59999999999854,74.59999999999854,[26.7],[47.9],[74.6]
31546,[2622],1,26.700000000000728,26.700000000000728,47.89999999999782,47.89999999999782,74.59999999999854,74.59999999999854,[26.7],[47.9],[74.6]
31547,[2622],1,26.700000000000728,26.700000000000728,47.89999999999782,47.89999999999782,74.59999999999854,74.59999999999854,[26.7],[47.9],[74.6]
31548,[2622 2637],2,20.200000000000728,26.700000000000728,47.89999999999782,47.89999999999782,68.09999999999854,74.59999999999854,[26.7 13.7],[47.9 47.9],[74.6 61.6]
31549,[2622 2637],2,20.200000000000728,26.700000000000728,47.89999999999782,47.89999999999782,68.09999999999854,74.59999999999854,[26.7 13.7],[47.9 47.9],[74.6 61.6]
31550,[2622 2637],2,20.200000000000728,26.700000000000728,47.89999999999782,47.89999999999782,68.09999999999854,74.59999999999854,[26.7 13.7],[47.9 47.9],[74.6 61.6]
31551,[2622 2637],2,20.200000000000728,26.700000000000728,47.89999999999782,47.89999999999782,68.09999999999854,74.59999999999854,[26.7 13.7],[47.9 47.9],[74.6 61.6]
31552,[2622 2637 2642],3,16.700000000000728,26.700000000000728,47.89999999999782,47.89999999999782,64.59999999999854,74.59999999999854,[26.7 13.7  9.7],[47.9 47.9 47.9],[74.6 61.6 57.6]
31553,[2622 2637 2642],3,16.700000000000728,26.700000000000728,47.89999999999782,47.89999999999782,64.59999999999854,74.59999999999854,[26.7 13.7  9.7],[47.9 47.9 47.9],[74.6 61.6 57.6]
31554,[2622 2637 2642],3,16.700000000000728,26.700000000000728,47.89999999999782,47.89999999999782,64.59999999999854,74.59999999999854,[26.7 13.7  9.7],[47.9 47.9 47.9],[74.6 61.6 57.6]
31555,[2622 2637 2642],3,16.700000000000728,26.700000000000728,47.89999999999782,47.89999999999782,64.59999999999854,74.59999999999854,[26.7 13.7  9.7],[47.9 47.9 47.9],[74.6 61.6 57.6]
31556,[2622 2637 2642],3,16.700000000000728,26.700000000000728,47.89999999999782,47.89999999999782,64.59999999999854,74.59999999999854,[26.7 13.7  9.7],[47.9 47.9 47.9],[74.6 61.6 57.6]
31557,[2622 2637 2642],3,16.700000000000728,26.700000000000728,47.89999999999782,47.89999999999782,64.59999999999854,74.59999999999854,[26.7 13.7  9.7],[47.9 47.9 47.9],[74.6 61.6 57.6]
31558,[2622 2637 2642],3,16.700000000000728,26.700000000000728,47.89999999999782,47.89999999999782,64.59999999999854,74.59999999999854,[26.7 13.7  9.7],[47.9 47.9 47.9],[74.6 61.6 57.6]
31559,[2622 2637 2642],3,16.700000000000728,26.700000000000728,47.89999999999782,47.89999999999782,64.59999999999854,74.59999999999854,[26.7 13.7  9.7],[47.9 47.9 47.9],[74.6 61.6 57.6]
31560,[2622 2637 2642],3,16.700000000000728,26.700000000000728,47.89999999999782,47.89999999999782,64.59999999999854,74.59999999999854,[26.7 13.7  9.7],[47.9 47.9 47.9],[74.6 61.6 57.6]
31561,[2622 2637 2642],3,16.700000000000728,26.700000000000728,47.89999999999782,47.89999999999782,64.59999999999854,74.59999999999854,[26.7 13.7  9.7],[47.9 47.9 47.9],[74.6 61.6 57.6]
31562,[],0,0.0,0.0,0.0,0.0,0.0,0.0,[],[],[]
31563,[],0,0.0,0.0,0.0,0.0,0.0,0.0,[],[],[]
31564,[],0,0.0,0.0,0.0,0.0,0.0,0.0,[],[],[]
31565,[],0,0.0,0.0,0.0,0.0,0.0,0.0,[],[],[]
31566,[],0,0.0,0.0,0.0,0.0,0.0,0.0,[],[],[]
31567,[],0,0.0,0.0,0.0,0.0,0.0,0.0,[],[],[]
31568,[],0,0.0,0.0,0.0,0.0,0.0,0.0,[],[],[]
31569,[],0,0.0,0.0,0.0,0.0,0.0,0.0,[],[],[]
31570,[],0,0.0,0.0,0.0,0.0,0.0,0.0,[],[],[]
31571,[2667],1,0.0,0.0,38.599999999998545,38.599999999998545,38.599999999998545,38.599999999998545,[0.],[38.6],[38.6]
31572,[],0,0.0,0.0,0.0,0.0,0.0,0.0,[],[],[]
31573,[],0,0.0,0.0,0.0,0.0,0.0,0.0,[],[],[]
31574,[],0,0.0,0.0,0.0,0.0,0.0,0.0,[],[],[]
31575,[],0,0.0,0.0,0.0,0.0,0.0,0.0,[],[],[]
31576,[],0,0.0,0.0,0.0,0.0,0.0,0.0,[],[],[]
31577,[],0,0.0,0.0,0.0,0.0,0.0,0.0,[],[],[]
31578,[],0,0.0,0.0,0.0,0.0,0.0,0.0,[],[],[]
31579,[],0,0.0,0.0,0.0,0.0,0.0,0.0,[],[],[]
31580,[],0,0.0,0.0,0.0,0.0,0.0,0.0,[],[],[]
31581,[],0,0.0,0.0,0.0,0.0,0.0,0.0,[],[],[]
31582,[],0,0.0,0.0,0.0,0.0,0.0,0.0,[],[],[]
31583,[],0,0.0,0.0,0.0,0.0,0.0,0.0,[],[],[]
31584,[],0,0.0,0.0,0.0,0.0,0.0,0.0,[],[],[]
31585,[],0,0.0,0.0,0.0,0.0,0.0,0.0,[],[],[]
31586,[],0,0.0,0.0,0.0,0.0,0.0,0.0,[],[],[]
31587,[],0,0.0,0.0,0.0,0.0,0.0,0.0,[],[],[]
31588,[],0,0.0,0.0,0.0,0.0,0.0,0.0,[],[],[]
31589,[],0,0.0,0.0,0.0,0.0,0.0,0.0,[],[],[]
31590,[],0,0.0,0.0,0.0,0.0,0.0,0.0,[],[],[]
31591,[],0,0.0,0.0,0.0,0.0,0.0,0.0,[],[],[]
31592,[],0,0.0,0.0,0.0,0.0,0.0,0.0,[],[],[]
31593,[],0,0.0,0.0,0.0,0.0,0.0,0.0,[],[],[]
31594,[],0,0.0,0.0,0.0,0.0,0.0,0.0,[],[],[]
31595,[],0,0.0,0.0,0.0,0.0,0.0,0.0,[],[],[]
31596,[],0,0.0,0.0,0.0,0.0,0.0,0.0,[],[],[]
31597,[],0,0.0,0.0,0.0,0.0,0.0,0.0,[],[],[]
31598,[],0,0.0,0.0,0.0,0.0,0.0,0.0,[],[],[]
31599,[],0,0.0,0.0,0.0,0.0,0.0,0.0,[],[],[]
31600,[],0,0.0,0.0,0.0,0.0,0.0,0.0,[],[],[]
31601,[],0,0.0,0.0,0.0,0.0,0.0,0.0,[],[],[]
31602,[],0,0.0,0.0,0.0,0.0,0.0,0.0,[],[],[]
31603,[2696],1,82.40000000000146,82.40000000000146,57.19999999999709,57.19999999999709,139.59999999999854,139.59999999999854,[82.4],[57.2],[139.6]
31604,[2696],1,82.40000000000146,82.40000000000146,57.19999999999709,57.19999999999709,139.59999999999854,139.59999999999854,[82.4],[57.2],[139.6]
31605,[2696],1,82.40000000000146,82.40000000000146,57.19999999999709,57.19999999999709,139.59999999999854,139.59999999999854,[82.4],[57.2],[139.6]
31606,[2696],1,82.40000000000146,82.40000000000146,57.19999999999709,57.19999999999709,139.59999999999854,139.59999999999854,[82.4],[57.2],[139.6]
31607,[2696],1,82.40000000000146,82.40000000000146,57.19999999999709,57.19999999999709,139.59999999999854,139.59999999999854,[82.4],[57.2],[139.6]
31608,[2696],1,82.40000000000146,82.40000000000146,57.19999999999709,57.19999999999709,139.59999999999854,139.59999999999854,[82.4],[57.2],[139.6]
31609,[2696],1,82.40000000000146,82.40000000000146,57.19999999999709,57.19999999999709,139.59999999999854,139.59999999999854,[82.4],[57.2],[139.6]
31610,[2696],1,82.40000000000146,82.40000000000146,57.19999999999709,57.19999999999709,139.59999999999854,139.59999999999854,[82.4],[57.2],[139.6]
31611,[2696],1,82.40000000000146,82.40000000000146,57.19999999999709,57.19999999999709,139.59999999999854,139.59999999999854,[82.4],[57.2],[139.6]
31612,[2696],1,82.40000000000146,82.40000000000146,57.19999999999709,57.19999999999709,139.59999999999854,139.59999999999854,[82.4],[57.2],[139.6]
31613,[2696],1,82.40000000000146,82.40000000000146,57.19999999999709,57.19999999999709,139.59999999999854,139.59999999999854,[82.4],[57.2],[139.6]
31614,[2696],1,82.40000000000146,82.40000000000146,57.19999999999709,57.19999999999709,139.59999999999854,139.59999999999854,[82.4],[57.2],[139.6]
31615,[2696],1,82.40000000000146,82.40000000000146,57.19999999999709,57.19999999999709,139.59999999999854,139.59999999999854,[82.4],[57.2],[139.6]
31616,[2696],1,82.40000000000146,82.40000000000146,57.19999999999709,57.19999999999709,139.59999999999854,139.59999999999854,[82.4],[57.2],[139.6]
31617,[2696],1,82.40000000000146,82.40000000000146,57.19999999999709,57.19999999999709,139.59999999999854,139.59999999999854,[82.4],[57.2],[139.6]
31618,[2696],1,82.40000000000146,82.40000000000146,57.19999999999709,57.19999999999709,139.59999999999854,139.59999999999854,[82.4],[57.2],[139.6]
31619,[2696],1,82.40000000000146,82.40000000000146,57.19999999999709,57.19999999999709,139.59999999999854,139.59999999999854,[82.4],[57.2],[139.6]
31620,[2696],1,82.40000000000146,82.40000000000146,57.19999999999709,57.19999999999709,139.59999999999854,139.59999999999854,[82.4],[57.2],[139.6]
31621,[2696],1,82.40000000000146,82.40000000000146,57.19999999999709,57.19999999999709,139.59999999999854,139.59999999999854,[82.4],[57.2],[139.6]
31622,[2696],1,82.40000000000146,82.40000000000146,57.19999999999709,57.19999999999709,139.59999999999854,139.59999999999854,[82.4],[57.2],[139.6]
31623,[2696],1,82.40000000000146,82.40000000000146,57.19999999999709,57.19999999999709,139.59999999999854,139.59999999999854,[82.4],[57.2],[139.6]
31624,[2696],1,82.40000000000146,82.40000000000146,57.19999999999709,57.19999999999709,139.59999999999854,139.59999999999854,[82.4],[57.2],[139.6]
31625,[2696],1,82.40000000000146,82.40000000000146,57.19999999999709,57.19999999999709,139.59999999999854,139.59999999999854,[82.4],[57.2],[139.6]
31626,[2696],1,82.40000000000146,82.40000000000146,57.19999999999709,57.19999999999709,139.59999999999854,139.59999999999854,[82.4],[57.2],[139.6]
31627,[2696],1,82.40000000000146,82.40000000000146,57.19999999999709,57.19999999999709,139.59999999999854,139.59999999999854,[82.4],[57.2],[139.6]
31628,[2696],1,82.40000000000146,82.40000000000146,57.19999999999709,57.19999999999709,139.59999999999854,139.59999999999854,[82.4],[57.2],[139.6]
31629,[2696],1,82.40000000000146,82.40000000000146,57.19999999999709,57.19999999999709,139.59999999999854,139.59999999999854,[82.4],[57.2],[139.6]
31630,[2696],1,82.40000000000146,82.40000000000146,57.19999999999709,57.19999999999709,139.59999999999854,139.59999999999854,[82.4],[57.2],[139.6]
31631,[2696],1,82.40000000000146,82.40000000000146,57.19999999999709,57.19999999999709,139.59999999999854,139.59999999999854,[82.4],[57.2],[139.6]
31632,[2696],1,82.40000000000146,82.40000000000146,57.19999999999709,57.19999999999709,139.59999999999854,139.59999999999854,[82.4],[57.2],[139.6]
31633,[2696],1,82.40000000000146,82.40000000000146,57.19999999999709,57.19999999999709,139.59999999999854,139.59999999999854,[82.4],[57.2],[139.6]
31634,[2696],1,82.40000000000146,82.40000000000146,57.19999999999709,57.19999999999709,139.59999999999854,139.59999999999854,[82.4],[57.2],[139.6]
31635,[2696],1,82.40000000000146,82.40000000000146,57.19999999999709,57.19999999999709,139.59999999999854,139.59999999999854,[82.4],[57.2],[139.6]
31636,[2696],1,82.40000000000146,82.40000000000146,57.19999999999709,57.19999999999709,139.59999999999854,139.59999999999854,[82.4],[57.2],[139.6]
31637,[2696],1,82.40000000000146,82.40000000000146,57.19999999999709,57.19999999999709,139.59999999999854,139.59999999999854,[82.4],[57.2],[139.6]
31638,[2696],1,82.40000000000146,82.40000000000146,57.19999999999709,57.19999999999709,139.59999999999854,139.59999999999854,[82.4],[57.2],[139.6]
31639,[2696],1,82.40000000000146,82.40000000000146,57.19999999999709,57.19999999999709,139.59999999999854,139.59999999999854,[82.4],[57.2],[139.6]
31640,[2696],1,82.40000000000146,82.40000000000146,57.19999999999709,57.19999999999709,139.59999999999854,139.59999999999854,[82.4],[57.2],[139.6]
31641,[2696],1,82.40000000000146,82.40000000000146,57.19999999999709,57.19999999999709,139.59999999999854,139.59999999999854,[82.4],[57.2],[139.6]
31642,[2696],1,82.40000000000146,82.40000000000146,57.19999999999709,57.19999999999709,139.59999999999854,139.59999999999854,[82.4],[57.2],[139.6]
31643,[2696],1,82.40000000000146,82.40000000000146,57.19999999999709,57.19999999999709,139.59999999999854,139.59999999999854,[82.4],[57.2],[139.6]
31644,[2696],1,82.40000000000146,82.40000000000146,57.19999999999709,57.19999999999709,139.59999999999854,139.59999999999854,[82.4],[57.2],[139.6]
31645,[2696],1,82.40000000000146,82.40000000000146,57.19999999999709,57.19999999999709,139.59999999999854,139.59999999999854,[82.4],[57.2],[139.6]
31646,[2696],1,82.40000000000146,82.40000000000146,57.19999999999709,57.19999999999709,139.59999999999854,139.59999999999854,[82.4],[57.2],[139.6]
31647,[2696],1,82.40000000000146,82.40000000000146,57.19999999999709,57.19999999999709,139.59999999999854,139.59999999999854,[82.4],[57.2],[139.6]
31648,[2696],1,82.40000000000146,82.40000000000146,57.19999999999709,57.19999999999709,139.59999999999854,139.59999999999854,[82.4],[57.2],[139.6]
31649,[2696],1,82.40000000000146,82.40000000000146,57.19999999999709,57.19999999999709,139.59999999999854,139.59999999999854,[82.4],[57.2],[139.6]
31650,[2696 2738],2,58.900000000001455,82.40000000000146,57.19999999999709,57.19999999999709,116.09999999999854,139.59999999999854,[82.4 35.4],[57.2 57.2],[139.6  92.6]
31651,[2696 2738],2,58.900000000001455,82.40000000000146,57.19999999999709,57.19999999999709,116.09999999999854,139.59999999999854,[82.4 35.4],[57.2 57.2],[139.6  92.6]
31652,[2696 2738],2,58.900000000001455,82.40000000000146,57.19999999999709,57.19999999999709,116.09999999999854,139.59999999999854,[82.4 35.4],[57.2 57.2],[139.6  92.6]
31653,[2696 2738],2,58.900000000001455,82.40000000000146,57.19999999999709,57.19999999999709,116.09999999999854,139.59999999999854,[82.4 35.4],[57.2 57.2],[139.6  92.6]
31654,[2696 2738],2,58.900000000001455,82.40000000000146,57.19999999999709,57.19999999999709,116.09999999999854,139.59999999999854,[82.4 35.4],[57.2 57.2],[139.6  92.6]
31655,[2696 2738],2,58.900000000001455,82.40000000000146,57.19999999999709,57.19999999999709,116.09999999999854,139.59999999999854,[82.4 35.4],[57.2 57.2],[139.6  92.6]
31656,[2696 2738],2,58.900000000001455,82.40000000000146,57.19999999999709,57.19999999999709,116.09999999999854,139.59999999999854,[82.4 35.4],[57.2 57.2],[139.6  92.6]
31657,[2696 2738],2,58.900000000001455,82.40000000000146,57.19999999999709,57.19999999999709,116.09999999999854,139.59999999999854,[82.4 35.4],[57.2 57.2],[139.6  92.6]
31658,[2696 2738],2,58.900000000001455,82.40000000000146,57.19999999999709,57.19999999999709,116.09999999999854,139.59999999999854,[82.4 35.4],[57.2 57.2],[139.6  92.6]
31659,[2696 2738],2,58.900000000001455,82.40000000000146,57.19999999999709,57.19999999999709,116.09999999999854,139.59999999999854,[82.4 35.4],[57.2 57.2],[139.6  92.6]
31660,[2696 2738],2,58.900000000001455,82.40000000000146,57.19999999999709,57.19999999999709,116.09999999999854,139.59999999999854,[82.4 35.4],[57.2 57.2],[139.6  92.6]
31661,[2696 2738],2,58.900000000001455,82.40000000000146,57.19999999999709,57.19999999999709,116.09999999999854,139.59999999999854,[82.4 35.4],[57.2 57.2],[139.6  92.6]
31662,[2696 2738],2,58.900000000001455,82.40000000000146,57.19999999999709,57.19999999999709,116.09999999999854,139.59999999999854,[82.4 35.4],[57.2 57.2],[139.6  92.6]
31663,[2696 2738],2,58.900000000001455,82.40000000000146,57.19999999999709,57.19999999999709,116.09999999999854,139.59999999999854,[82.4 35.4],[57.2 57.2],[139.6  92.6]
31664,[2696 2738],2,58.900000000001455,82.40000000000146,57.19999999999709,57.19999999999709,116.09999999999854,139.59999999999854,[82.4 35.4],[57.2 57.2],[139.6  92.6]
31665,[2696 2738],2,58.900000000001455,82.40000000000146,57.19999999999709,57.19999999999709,116.09999999999854,139.59999999999854,[82.4 35.4],[57.2 57.2],[139.6  92.6]
31666,[2696 2738],2,58.900000000001455,82.40000000000146,57.19999999999709,57.19999999999709,116.09999999999854,139.59999999999854,[82.4 35.4],[57.2 57.2],[139.6  92.6]
31667,[2696 2738],2,58.900000000001455,82.40000000000146,57.19999999999709,57.19999999999709,116.09999999999854,139.59999999999854,[82.4 35.4],[57.2 57.2],[139.6  92.6]
31668,[2696 2738],2,58.900000000001455,82.40000000000146,57.19999999999709,57.19999999999709,116.09999999999854,139.59999999999854,[82.4 35.4],[57.2 57.2],[139.6  92.6]
31669,[2696 2738],2,58.900000000001455,82.40000000000146,57.19999999999709,57.19999999999709,116.09999999999854,139.59999999999854,[82.4 35.4],[57.2 57.2],[139.6  92.6]
31670,[2696 2738],2,58.900000000001455,82.40000000000146,57.19999999999709,57.19999999999709,116.09999999999854,139.59999999999854,[82.4 35.4],[57.2 57.2],[139.6  92.6]
31671,[2696 2738],2,58.900000000001455,82.40000000000146,57.19999999999709,57.19999999999709,116.09999999999854,139.59999999999854,[82.4 35.4],[57.2 57.2],[139.6  92.6]
31672,[2696 2738],2,58.900000000001455,82.40000000000146,57.19999999999709,57.19999999999709,116.09999999999854,139.59999999999854,[82.4 35.4],[57.2 57.2],[139.6  92.6]
31673,[2696 2738 2760],3,43.400000000001455,82.40000000000146,57.19999999999709,57.19999999999709,100.59999999999854,139.59999999999854,[82.4 35.4 12.4],[57.2 57.2 57.2],[139.6  92.6  69.6]
31674,[2696 2738 2760 2761],4,65.42500000000109,131.5,57.324999999998,57.70000000000073,122.74999999999909,189.20000000000073,[ 82.4  35.4  12.4 131.5],[57.2 57.2 57.2 57.7],[139.6  92.6  69.6 189.2]
31675,[2696 2738 2760 2761],4,65.42500000000109,131.5,57.324999999998,57.70000000000073,122.74999999999909,189.20000000000073,[ 82.4  35.4  12.4 131.5],[57.2 57.2 57.2 57.7],[139.6  92.6  69.6 189.2]
31676,[2696 2738 2760 2761],4,65.42500000000109,131.5,57.324999999998,57.70000000000073,122.74999999999909,189.20000000000073,[ 82.4  35.4  12.4 131.5],[57.2 57.2 57.2 57.7],[139.6  92.6  69.6 189.2]
31677,[2696 2738 2760 2761],4,65.42500000000109,131.5,57.324999999998,57.70000000000073,122.74999999999909,189.20000000000073,[ 82.4  35.4  12.4 131.5],[57.2 57.2 57.2 57.7],[139.6  92.6  69.6 189.2]
31678,[2696 2738 2760 2761],4,65.42500000000109,131.5,57.324999999998,57.70000000000073,122.74999999999909,189.20000000000073,[ 82.4  35.4  12.4 131.5],[57.2 57.2 57.2 57.7],[139.6  92.6  69.6 189.2]
31679,[2696 2738 2760 2761],4,65.42500000000109,131.5,57.324999999998,57.70000000000073,122.74999999999909,189.20000000000073,[ 82.4  35.4  12.4 131.5],[57.2 57.2 57.2 57.7],[139.6  92.6  69.6 189.2]
31680,[2696 2738 2760 2761],4,65.42500000000109,131.5,57.324999999998,57.70000000000073,122.74999999999909,189.20000000000073,[ 82.4  35.4  12.4 131.5],[57.2 57.2 57.2 57.7],[139.6  92.6  69.6 189.2]
31681,[2696 2738 2760 2761],4,65.42500000000109,131.5,57.324999999998,57.70000000000073,122.74999999999909,189.20000000000073,[ 82.4  35.4  12.4 131.5],[57.2 57.2 57.2 57.7],[139.6  92.6  69.6 189.2]
31682,[2696 2738 2760 2761],4,65.42500000000109,131.5,57.324999999998,57.70000000000073,122.74999999999909,189.20000000000073,[ 82.4  35.4  12.4 131.5],[57.2 57.2 57.2 57.7],[139.6  92.6  69.6 189.2]
31683,[2696 2738 2760 2761],4,65.42500000000109,131.5,57.324999999998,57.70000000000073,122.74999999999909,189.20000000000073,[ 82.4  35.4  12.4 131.5],[57.2 57.2 57.2 57.7],[139.6  92.6  69.6 189.2]
31684,[2696 2738 2760 2761],4,65.42500000000109,131.5,57.324999999998,57.70000000000073,122.74999999999909,189.20000000000073,[ 82.4  35.4  12.4 131.5],[57.2 57.2 57.2 57.7],[139.6  92.6  69.6 189.2]
31685,[2696 2738 2760 2761 2767],5,52.42000000000117,131.5,57.299999999997816,57.70000000000073,109.71999999999898,189.20000000000073,[ 82.4  35.4  12.4 131.5   0.4],[57.2 57.2 57.2 57.7 57.2],[139.6  92.6  69.6 189.2  57.6]
31686,[2761],1,131.5,131.5,57.70000000000073,57.70000000000073,189.20000000000073,189.20000000000073,[131.5],[57.7],[189.2]
31687,[2761],1,131.5,131.5,57.70000000000073,57.70000000000073,189.20000000000073,189.20000000000073,[131.5],[57.7],[189.2]
31688,[2761],1,131.5,131.5,57.70000000000073,57.70000000000073,189.20000000000073,189.20000000000073,[131.5],[57.7],[189.2]
31689,[2761],1,131.5,131.5,57.70000000000073,57.70000000000073,189.20000000000073,189.20000000000073,[131.5],[57.7],[189.2]
31690,[2761],1,131.5,131.5,57.70000000000073,57.70000000000073,189.20000000000073,189.20000000000073,[131.5],[57.7],[189.2]
31691,[2761],1,131.5,131.5,57.70000000000073,57.70000000000073,189.20000000000073,189.20000000000073,[131.5],[57.7],[189.2]
31692,[2761],1,131.5,131.5,57.70000000000073,57.70000000000073,189.20000000000073,189.20000000000073,[131.5],[57.7],[189.2]
31693,[2761],1,131.5,131.5,57.70000000000073,57.70000000000073,189.20000000000073,189.20000000000073,[131.5],[57.7],[189.2]
31694,[2761],1,131.5,131.5,57.70000000000073,57.70000000000073,189.20000000000073,189.20000000000073,[131.5],[57.7],[189.2]
31695,[2761],1,131.5,131.5,57.70000000000073,57.70000000000073,189.20000000000073,189.20000000000073,[131.5],[57.7],[189.2]
31696,[2761],1,131.5,131.5,57.70000000000073,57.70000000000073,189.20000000000073,189.20000000000073,[131.5],[57.7],[189.2]
31697,[2761],1,131.5,131.5,57.70000000000073,57.70000000000073,189.20000000000073,189.20000000000073,[131.5],[57.7],[189.2]
31698,[2761],1,131.5,131.5,57.70000000000073,57.70000000000073,189.20000000000073,189.20000000000073,[131.5],[57.7],[189.2]
31699,[2761],1,131.5,131.5,57.70000000000073,57.70000000000073,189.20000000000073,189.20000000000073,[131.5],[57.7],[189.2]
31700,[2761],1,131.5,131.5,57.70000000000073,57.70000000000073,189.20000000000073,189.20000000000073,[131.5],[57.7],[189.2]
31701,[2761],1,131.5,131.5,57.70000000000073,57.70000000000073,189.20000000000073,189.20000000000073,[131.5],[57.7],[189.2]
31702,[2761],1,131.5,131.5,57.70000000000073,57.70000000000073,189.20000000000073,189.20000000000073,[131.5],[57.7],[189.2]
31703,[2761],1,131.5,131.5,57.70000000000073,57.70000000000073,189.20000000000073,189.20000000000073,[131.5],[57.7],[189.2]
31704,[2761],1,131.5,131.5,57.70000000000073,57.70000000000073,189.20000000000073,189.20000000000073,[131.5],[57.7],[189.2]
31705,[2761],1,131.5,131.5,57.70000000000073,57.70000000000073,189.20000000000073,189.20000000000073,[131.5],[57.7],[189.2]
31706,[2761],1,131.5,131.5,57.70000000000073,57.70000000000073,189.20000000000073,189.20000000000073,[131.5],[57.7],[189.2]
31707,[2761],1,131.5,131.5,57.70000000000073,57.70000000000073,189.20000000000073,189.20000000000073,[131.5],[57.7],[189.2]
31708,[2761],1,131.5,131.5,57.70000000000073,57.70000000000073,189.20000000000073,189.20000000000073,[131.5],[57.7],[189.2]
31709,[2761],1,131.5,131.5,57.70000000000073,57.70000000000073,189.20000000000073,189.20000000000073,[131.5],[57.7],[189.2]
31710,[2761],1,131.5,131.5,57.70000000000073,57.70000000000073,189.20000000000073,189.20000000000073,[131.5],[57.7],[189.2]
31711,[2761],1,131.5,131.5,57.70000000000073,57.70000000000073,189.20000000000073,189.20000000000073,[131.5],[57.7],[189.2]
31712,[2761],1,131.5,131.5,57.70000000000073,57.70000000000073,189.20000000000073,189.20000000000073,[131.5],[57.7],[189.2]
31713,[2761],1,131.5,131.5,57.70000000000073,57.70000000000073,189.20000000000073,189.20000000000073,[131.5],[57.7],[189.2]
31714,[2761],1,131.5,131.5,57.70000000000073,57.70000000000073,189.20000000000073,189.20000000000073,[131.5],[57.7],[189.2]
31715,[2761],1,131.5,131.5,57.70000000000073,57.70000000000073,189.20000000000073,189.20000000000073,[131.5],[57.7],[189.2]
31716,[2761],1,131.5,131.5,57.70000000000073,57.70000000000073,189.20000000000073,189.20000000000073,[131.5],[57.7],[189.2]
31717,[2761],1,131.5,131.5,57.70000000000073,57.70000000000073,189.20000000000073,189.20000000000073,[131.5],[57.7],[189.2]
31718,[2761],1,131.5,131.5,57.70000000000073,57.70000000000073,189.20000000000073,189.20000000000073,[131.5],[57.7],[189.2]
31719,[2761],1,131.5,131.5,57.70000000000073,57.70000000000073,189.20000000000073,189.20000000000073,[131.5],[57.7],[189.2]
31720,[2761],1,131.5,131.5,57.70000000000073,57.70000000000073,189.20000000000073,189.20000000000073,[131.5],[57.7],[189.2]
31721,[2761],1,131.5,131.5,57.70000000000073,57.70000000000073,189.20000000000073,189.20000000000073,[131.5],[57.7],[189.2]
31722,[2761],1,131.5,131.5,57.70000000000073,57.70000000000073,189.20000000000073,189.20000000000073,[131.5],[57.7],[189.2]
31723,[2761],1,131.5,131.5,57.70000000000073,57.70000000000073,189.20000000000073,189.20000000000073,[131.5],[57.7],[189.2]
31724,[2761],1,131.5,131.5,57.70000000000073,57.70000000000073,189.20000000000073,189.20000000000073,[131.5],[57.7],[189.2]
31725,[2761],1,131.5,131.5,57.70000000000073,57.70000000000073,189.20000000000073,189.20000000000073,[131.5],[57.7],[189.2]
31726,[2761],1,131.5,131.5,57.70000000000073,57.70000000000073,189.20000000000073,189.20000000000073,[131.5],[57.7],[189.2]
31727,[2761],1,131.5,131.5,57.70000000000073,57.70000000000073,189.20000000000073,189.20000000000073,[131.5],[57.7],[189.2]
31728,[2761],1,131.5,131.5,57.70000000000073,57.70000000000073,189.20000000000073,189.20000000000073,[131.5],[57.7],[189.2]
31729,[2761],1,131.5,131.5,57.70000000000073,57.70000000000073,189.20000000000073,189.20000000000073,[131.5],[57.7],[189.2]
31730,[2761],1,131.5,131.5,57.70000000000073,57.70000000000073,189.20000000000073,189.20000000000073,[131.5],[57.7],[189.2]
31731,[2761],1,131.5,131.5,57.70000000000073,57.70000000000073,189.20000000000073,189.20000000000073,[131.5],[57.7],[189.2]
31732,[2761],1,131.5,131.5,57.70000000000073,57.70000000000073,189.20000000000073,189.20000000000073,[131.5],[57.7],[189.2]
31733,[2761],1,131.5,131.5,57.70000000000073,57.70000000000073,189.20000000000073,189.20000000000073,[131.5],[57.7],[189.2]
31734,[2761],1,131.5,131.5,57.70000000000073,57.70000000000073,189.20000000000073,189.20000000000073,[131.5],[57.7],[189.2]
31735,[2761],1,131.5,131.5,57.70000000000073,57.70000000000073,189.20000000000073,189.20000000000073,[131.5],[57.7],[189.2]
31736,[2761],1,131.5,131.5,57.70000000000073,57.70000000000073,189.20000000000073,189.20000000000073,[131.5],[57.7],[189.2]
31737,[2761],1,131.5,131.5,57.70000000000073,57.70000000000073,189.20000000000073,189.20000000000073,[131.5],[57.7],[189.2]
31738,[2761],1,131.5,131.5,57.70000000000073,57.70000000000073,189.20000000000073,189.20000000000073,[131.5],[57.7],[189.2]
31739,[2761],1,131.5,131.5,57.70000000000073,57.70000000000073,189.20000000000073,189.20000000000073,[131.5],[57.7],[189.2]
31740,[2761],1,131.5,131.5,57.70000000000073,57.70000000000073,189.20000000000073,189.20000000000073,[131.5],[57.7],[189.2]
31741,[2761],1,131.5,131.5,57.70000000000073,57.70000000000073,189.20000000000073,189.20000000000073,[131.5],[57.7],[189.2]
31742,[2761],1,131.5,131.5,57.70000000000073,57.70000000000073,189.20000000000073,189.20000000000073,[131.5],[57.7],[189.2]
31743,[2761],1,131.5,131.5,57.70000000000073,57.70000000000073,189.20000000000073,189.20000000000073,[131.5],[57.7],[189.2]
31744,[2761],1,131.5,131.5,57.70000000000073,57.70000000000073,189.20000000000073,189.20000000000073,[131.5],[57.7],[189.2]
31745,[2761],1,131.5,131.5,57.70000000000073,57.70000000000073,189.20000000000073,189.20000000000073,[131.5],[57.7],[189.2]
31746,[2761],1,131.5,131.5,57.70000000000073,57.70000000000073,189.20000000000073,189.20000000000073,[131.5],[57.7],[189.2]
31747,[2761],1,131.5,131.5,57.70000000000073,57.70000000000073,189.20000000000073,189.20000000000073,[131.5],[57.7],[189.2]
31748,[2761],1,131.5,131.5,57.70000000000073,57.70000000000073,189.20000000000073,189.20000000000073,[131.5],[57.7],[189.2]
31749,[2761],1,131.5,131.5,57.70000000000073,57.70000000000073,189.20000000000073,189.20000000000073,[131.5],[57.7],[189.2]
31750,[2761],1,131.5,131.5,57.70000000000073,57.70000000000073,189.20000000000073,189.20000000000073,[131.5],[57.7],[189.2]
31751,[2761],1,131.5,131.5,57.70000000000073,57.70000000000073,189.20000000000073,189.20000000000073,[131.5],[57.7],[189.2]
31752,[2761],1,131.5,131.5,57.70000000000073,57.70000000000073,189.20000000000073,189.20000000000073,[131.5],[57.7],[189.2]
31753,[2761],1,131.5,131.5,57.70000000000073,57.70000000000073,189.20000000000073,189.20000000000073,[131.5],[57.7],[189.2]
31754,[2761],1,131.5,131.5,57.70000000000073,57.70000000000073,189.20000000000073,189.20000000000073,[131.5],[57.7],[189.2]
31755,[2761],1,131.5,131.5,57.70000000000073,57.70000000000073,189.20000000000073,189.20000000000073,[131.5],[57.7],[189.2]
31756,[2761],1,131.5,131.5,57.70000000000073,57.70000000000073,189.20000000000073,189.20000000000073,[131.5],[57.7],[189.2]
31757,[2761],1,131.5,131.5,57.70000000000073,57.70000000000073,189.20000000000073,189.20000000000073,[131.5],[57.7],[189.2]
31758,[2761],1,131.5,131.5,57.70000000000073,57.70000000000073,189.20000000000073,189.20000000000073,[131.5],[57.7],[189.2]
31759,[2761],1,131.5,131.5,57.70000000000073,57.70000000000073,189.20000000000073,189.20000000000073,[131.5],[57.7],[189.2]
31760,[2761],1,131.5,131.5,57.70000000000073,57.70000000000073,189.20000000000073,189.20000000000073,[131.5],[57.7],[189.2]
31761,[2761],1,131.5,131.5,57.70000000000073,57.70000000000073,189.20000000000073,189.20000000000073,[131.5],[57.7],[189.2]
31762,[2761],1,131.5,131.5,57.70000000000073,57.70000000000073,189.20000000000073,189.20000000000073,[131.5],[57.7],[189.2]
31763,[2761],1,131.5,131.5,57.70000000000073,57.70000000000073,189.20000000000073,189.20000000000073,[131.5],[57.7],[189.2]
31764,[2761],1,131.5,131.5,57.70000000000073,57.70000000000073,189.20000000000073,189.20000000000073,[131.5],[57.7],[189.2]
31765,[2761],1,131.5,131.5,57.70000000000073,57.70000000000073,189.20000000000073,189.20000000000073,[131.5],[57.7],[189.2]
31766,[2761],1,131.5,131.5,57.70000000000073,57.70000000000073,189.20000000000073,189.20000000000073,[131.5],[57.7],[189.2]
31767,[2761],1,131.5,131.5,57.70000000000073,57.70000000000073,189.20000000000073,189.20000000000073,[131.5],[57.7],[189.2]
31768,[2761],1,131.5,131.5,57.70000000000073,57.70000000000073,189.20000000000073,189.20000000000073,[131.5],[57.7],[189.2]
31769,[2761],1,131.5,131.5,57.70000000000073,57.70000000000073,189.20000000000073,189.20000000000073,[131.5],[57.7],[189.2]
31770,[2761],1,131.5,131.5,57.70000000000073,57.70000000000073,189.20000000000073,189.20000000000073,[131.5],[57.7],[189.2]
31771,[2761],1,131.5,131.5,57.70000000000073,57.70000000000073,189.20000000000073,189.20000000000073,[131.5],[57.7],[189.2]
31772,[2761],1,131.5,131.5,57.70000000000073,57.70000000000073,189.20000000000073,189.20000000000073,[131.5],[57.7],[189.2]
31773,[2761],1,131.5,131.5,57.70000000000073,57.70000000000073,189.20000000000073,189.20000000000073,[131.5],[57.7],[189.2]
31774,[2761],1,131.5,131.5,57.70000000000073,57.70000000000073,189.20000000000073,189.20000000000073,[131.5],[57.7],[189.2]
31775,[2761],1,131.5,131.5,57.70000000000073,57.70000000000073,189.20000000000073,189.20000000000073,[131.5],[57.7],[189.2]
31776,[2761],1,131.5,131.5,57.70000000000073,57.70000000000073,189.20000000000073,189.20000000000073,[131.5],[57.7],[189.2]
31777,[2761],1,131.5,131.5,57.70000000000073,57.70000000000073,189.20000000000073,189.20000000000073,[131.5],[57.7],[189.2]
31778,[2761],1,131.5,131.5,57.70000000000073,57.70000000000073,189.20000000000073,189.20000000000073,[131.5],[57.7],[189.2]
31779,[2761],1,131.5,131.5,57.70000000000073,57.70000000000073,189.20000000000073,189.20000000000073,[131.5],[57.7],[189.2]
31780,[2761],1,131.5,131.5,57.70000000000073,57.70000000000073,189.20000000000073,189.20000000000073,[131.5],[57.7],[189.2]
31781,[2761],1,131.5,131.5,57.70000000000073,57.70000000000073,189.20000000000073,189.20000000000073,[131.5],[57.7],[189.2]
31782,[2761 2860],2,77.5,131.5,79.30000000000109,100.90000000000146,156.8000000000011,189.20000000000073,[131.5  23.5],[ 57.7 100.9],[189.2 124.4]
31783,[2761 2860],2,77.5,131.5,79.30000000000109,100.90000000000146,156.8000000000011,189.20000000000073,[131.5  23.5],[ 57.7 100.9],[189.2 124.4]
31784,[2761 2860],2,77.5,131.5,79.30000000000109,100.90000000000146,156.8000000000011,189.20000000000073,[131.5  23.5],[ 57.7 100.9],[189.2 124.4]
31785,[2761 2860],2,77.5,131.5,79.30000000000109,100.90000000000146,156.8000000000011,189.20000000000073,[131.5  23.5],[ 57.7 100.9],[189.2 124.4]
31786,[2761 2860],2,77.5,131.5,79.30000000000109,100.90000000000146,156.8000000000011,189.20000000000073,[131.5  23.5],[ 57.7 100.9],[189.2 124.4]
31787,[2761 2860],2,77.5,131.5,79.30000000000109,100.90000000000146,156.8000000000011,189.20000000000073,[131.5  23.5],[ 57.7 100.9],[189.2 124.4]
31788,[2761 2860],2,77.5,131.5,79.30000000000109,100.90000000000146,156.8000000000011,189.20000000000073,[131.5  23.5],[ 57.7 100.9],[189.2 124.4]
31789,[2761 2860],2,77.5,131.5,79.30000000000109,100.90000000000146,156.8000000000011,189.20000000000073,[131.5  23.5],[ 57.7 100.9],[189.2 124.4]
31790,[2761 2860],2,77.5,131.5,79.30000000000109,100.90000000000146,156.8000000000011,189.20000000000073,[131.5  23.5],[ 57.7 100.9],[189.2 124.4]
31791,[2761 2860],2,77.5,131.5,79.30000000000109,100.90000000000146,156.8000000000011,189.20000000000073,[131.5  23.5],[ 57.7 100.9],[189.2 124.4]
31792,[2761 2860],2,77.5,131.5,79.30000000000109,100.90000000000146,156.8000000000011,189.20000000000073,[131.5  23.5],[ 57.7 100.9],[189.2 124.4]
31793,[2761 2860],2,77.5,131.5,79.30000000000109,100.90000000000146,156.8000000000011,189.20000000000073,[131.5  23.5],[ 57.7 100.9],[189.2 124.4]
31794,[2761 2860],2,77.5,131.5,79.30000000000109,100.90000000000146,156.8000000000011,189.20000000000073,[131.5  23.5],[ 57.7 100.9],[189.2 124.4]
31795,[2761 2860],2,77.5,131.5,79.30000000000109,100.90000000000146,156.8000000000011,189.20000000000073,[131.5  23.5],[ 57.7 100.9],[189.2 124.4]
31796,[2761 2860],2,77.5,131.5,79.30000000000109,100.90000000000146,156.8000000000011,189.20000000000073,[131.5  23.5],[ 57.7 100.9],[189.2 124.4]
31797,[2761 2860],2,77.5,131.5,79.30000000000109,100.90000000000146,156.8000000000011,189.20000000000073,[131.5  23.5],[ 57.7 100.9],[189.2 124.4]
31798,[2761 2860],2,77.5,131.5,79.30000000000109,100.90000000000146,156.8000000000011,189.20000000000073,[131.5  23.5],[ 57.7 100.9],[189.2 124.4]
31799,[2761 2860],2,77.5,131.5,79.30000000000109,100.90000000000146,156.8000000000011,189.20000000000073,[131.5  23.5],[ 57.7 100.9],[189.2 124.4]
31800,[2761 2860],2,77.5,131.5,79.30000000000109,100.90000000000146,156.8000000000011,189.20000000000073,[131.5  23.5],[ 57.7 100.9],[189.2 124.4]
31801,[2761 2860],2,77.5,131.5,79.30000000000109,100.90000000000146,156.8000000000011,189.20000000000073,[131.5  23.5],[ 57.7 100.9],[189.2 124.4]
31802,[2761 2860],2,77.5,131.5,79.30000000000109,100.90000000000146,156.8000000000011,189.20000000000073,[131.5  23.5],[ 57.7 100.9],[189.2 124.4]
31803,[2761 2860],2,77.5,131.5,79.30000000000109,100.90000000000146,156.8000000000011,189.20000000000073,[131.5  23.5],[ 57.7 100.9],[189.2 124.4]
31804,[2761 2860],2,77.5,131.5,79.30000000000109,100.90000000000146,156.8000000000011,189.20000000000073,[131.5  23.5],[ 57.7 100.9],[189.2 124.4]
31805,[2761 2860],2,77.5,131.5,79.30000000000109,100.90000000000146,156.8000000000011,189.20000000000073,[131.5  23.5],[ 57.7 100.9],[189.2 124.4]
31806,[],0,0.0,0.0,0.0,0.0,0.0,0.0,[],[],[]
31807,[],0,0.0,0.0,0.0,0.0,0.0,0.0,[],[],[]
31808,[],0,0.0,0.0,0.0,0.0,0.0,0.0,[],[],[]
31809,[],0,0.0,0.0,0.0,0.0,0.0,0.0,[],[],[]
31810,[],0,0.0,0.0,0.0,0.0,0.0,0.0,[],[],[]
31811,[],0,0.0,0.0,0.0,0.0,0.0,0.0,[],[],[]
31812,[],0,0.0,0.0,0.0,0.0,0.0,0.0,[],[],[]
31813,[],0,0.0,0.0,0.0,0.0,0.0,0.0,[],[],[]
31814,[],0,0.0,0.0,0.0,0.0,0.0,0.0,[],[],[]
31815,[],0,0.0,0.0,0.0,0.0,0.0,0.0,[],[],[]
31816,[],0,0.0,0.0,0.0,0.0,0.0,0.0,[],[],[]
31817,[],0,0.0,0.0,0.0,0.0,0.0,0.0,[],[],[]
31818,[],0,0.0,0.0,0.0,0.0,0.0,0.0,[],[],[]
31819,[],0,0.0,0.0,0.0,0.0,0.0,0.0,[],[],[]
31820,[],0,0.0,0.0,0.0,0.0,0.0,0.0,[],[],[]
31821,[],0,0.0,0.0,0.0,0.0,0.0,0.0,[],[],[]
31822,[],0,0.0,0.0,0.0,0.0,0.0,0.0,[],[],[]
31823,[],0,0.0,0.0,0.0,0.0,0.0,0.0,[],[],[]
31824,[],0,0.0,0.0,0.0,0.0,0.0,0.0,[],[],[]
31825,[],0,0.0,0.0,0.0,0.0,0.0,0.0,[],[],[]
31826,[],0,0.0,0.0,0.0,0.0,0.0,0.0,[],[],[]
31827,[],0,0.0,0.0,0.0,0.0,0.0,0.0,[],[],[]
31828,[],0,0.0,0.0,0.0,0.0,0.0,0.0,[],[],[]
31829,[],0,0.0,0.0,0.0,0.0,0.0,0.0,[],[],[]
31830,[],0,0.0,0.0,0.0,0.0,0.0,0.0,[],[],[]
31831,[],0,0.0,0.0,0.0,0.0,0.0,0.0,[],[],[]
31832,[],0,0.0,0.0,0.0,0.0,0.0,0.0,[],[],[]
31833,[],0,0.0,0.0,0.0,0.0,0.0,0.0,[],[],[]
31834,[],0,0.0,0.0,0.0,0.0,0.0,0.0,[],[],[]
31835,[],0,0.0,0.0,0.0,0.0,0.0,0.0,[],[],[]
31836,[],0,0.0,0.0,0.0,0.0,0.0,0.0,[],[],[]
31837,[],0,0.0,0.0,0.0,0.0,0.0,0.0,[],[],[]
31838,[],0,0.0,0.0,0.0,0.0,0.0,0.0,[],[],[]
31839,[],0,0.0,0.0,0.0,0.0,0.0,0.0,[],[],[]
31840,[],0,0.0,0.0,0.0,0.0,0.0,0.0,[],[],[]
31841,[],0,0.0,0.0,0.0,0.0,0.0,0.0,[],[],[]
31842,[],0,0.0,0.0,0.0,0.0,0.0,0.0,[],[],[]
31843,[],0,0.0,0.0,0.0,0.0,0.0,0.0,[],[],[]
31844,[],0,0.0,0.0,0.0,0.0,0.0,0.0,[],[],[]
31845,[],0,0.0,0.0,0.0,0.0,0.0,0.0,[],[],[]
31846,[],0,0.0,0.0,0.0,0.0,0.0,0.0,[],[],[]
31847,[],0,0.0,0.0,0.0,0.0,0.0,0.0,[],[],[]
31848,[],0,0.0,0.0,0.0,0.0,0.0,0.0,[],[],[]
31849,[],0,0.0,0.0,0.0,0.0,0.0,0.0,[],[],[]
31850,[],0,0.0,0.0,0.0,0.0,0.0,0.0,[],[],[]
31851,[],0,0.0,0.0,0.0,0.0,0.0,0.0,[],[],[]
31852,[],0,0.0,0.0,0.0,0.0,0.0,0.0,[],[],[]
31853,[],0,0.0,0.0,0.0,0.0,0.0,0.0,[],[],[]
31854,[],0,0.0,0.0,0.0,0.0,0.0,0.0,[],[],[]
31855,[],0,0.0,0.0,0.0,0.0,0.0,0.0,[],[],[]
31856,[],0,0.0,0.0,0.0,0.0,0.0,0.0,[],[],[]
31857,[],0,0.0,0.0,0.0,0.0,0.0,0.0,[],[],[]
31858,[],0,0.0,0.0,0.0,0.0,0.0,0.0,[],[],[]
31859,[],0,0.0,0.0,0.0,0.0,0.0,0.0,[],[],[]
31860,[],0,0.0,0.0,0.0,0.0,0.0,0.0,[],[],[]
31861,[],0,0.0,0.0,0.0,0.0,0.0,0.0,[],[],[]
31862,[],0,0.0,0.0,0.0,0.0,0.0,0.0,[],[],[]
31863,[],0,0.0,0.0,0.0,0.0,0.0,0.0,[],[],[]
31864,[],0,0.0,0.0,0.0,0.0,0.0,0.0,[],[],[]
31865,[],0,0.0,0.0,0.0,0.0,0.0,0.0,[],[],[]
31866,[],0,0.0,0.0,0.0,0.0,0.0,0.0,[],[],[]
31867,[],0,0.0,0.0,0.0,0.0,0.0,0.0,[],[],[]
31868,[],0,0.0,0.0,0.0,0.0,0.0,0.0,[],[],[]
31869,[],0,0.0,0.0,0.0,0.0,0.0,0.0,[],[],[]
31870,[],0,0.0,0.0,0.0,0.0,0.0,0.0,[],[],[]
31871,[],0,0.0,0.0,0.0,0.0,0.0,0.0,[],[],[]
31872,[],0,0.0,0.0,0.0,0.0,0.0,0.0,[],[],[]
31873,[],0,0.0,0.0,0.0,0.0,0.0,0.0,[],[],[]
31874,[],0,0.0,0.0,0.0,0.0,0.0,0.0,[],[],[]
31875,[],0,0.0,0.0,0.0,0.0,0.0,0.0,[],[],[]
31876,[],0,0.0,0.0,0.0,0.0,0.0,0.0,[],[],[]
31877,[],0,0.0,0.0,0.0,0.0,0.0,0.0,[],[],[]
31878,[],0,0.0,0.0,0.0,0.0,0.0,0.0,[],[],[]
31879,[],0,0.0,0.0,0.0,0.0,0.0,0.0,[],[],[]
31880,[],0,0.0,0.0,0.0,0.0,0.0,0.0,[],[],[]
31881,[],0,0.0,0.0,0.0,0.0,0.0,0.0,[],[],[]
31882,[],0,0.0,0.0,0.0,0.0,0.0,0.0,[],[],[]
31883,[],0,0.0,0.0,0.0,0.0,0.0,0.0,[],[],[]
31884,[],0,0.0,0.0,0.0,0.0,0.0,0.0,[],[],[]
31885,[],0,0.0,0.0,0.0,0.0,0.0,0.0,[],[],[]
31886,[],0,0.0,0.0,0.0,0.0,0.0,0.0,[],[],[]
31887,[],0,0.0,0.0,0.0,0.0,0.0,0.0,[],[],[]
31888,[],0,0.0,0.0,0.0,0.0,0.0,0.0,[],[],[]
31889,[],0,0.0,0.0,0.0,0.0,0.0,0.0,[],[],[]
31890,[],0,0.0,0.0,0.0,0.0,0.0,0.0,[],[],[]
31891,[],0,0.0,0.0,0.0,0.0,0.0,0.0,[],[],[]
31892,[],0,0.0,0.0,0.0,0.0,0.0,0.0,[],[],[]
31893,[],0,0.0,0.0,0.0,0.0,0.0,0.0,[],[],[]
31894,[],0,0.0,0.0,0.0,0.0,0.0,0.0,[],[],[]
31895,[],0,0.0,0.0,0.0,0.0,0.0,0.0,[],[],[]
31896,[],0,0.0,0.0,0.0,0.0,0.0,0.0,[],[],[]
31897,[],0,0.0,0.0,0.0,0.0,0.0,0.0,[],[],[]
31898,[],0,0.0,0.0,0.0,0.0,0.0,0.0,[],[],[]
31899,[],0,0.0,0.0,0.0,0.0,0.0,0.0,[],[],[]
31900,[],0,0.0,0.0,0.0,0.0,0.0,0.0,[],[],[]
31901,[],0,0.0,0.0,0.0,0.0,0.0,0.0,[],[],[]
31902,[],0,0.0,0.0,0.0,0.0,0.0,0.0,[],[],[]
31903,[],0,0.0,0.0,0.0,0.0,0.0,0.0,[],[],[]
31904,[],0,0.0,0.0,0.0,0.0,0.0,0.0,[],[],[]
31905,[],0,0.0,0.0,0.0,0.0,0.0,0.0,[],[],[]
31906,[],0,0.0,0.0,0.0,0.0,0.0,0.0,[],[],[]
31907,[2958],1,8.400000000001455,8.400000000001455,67.0,67.0,75.40000000000146,75.40000000000146,[8.4],[67.],[75.4]
31908,[2958 2960],2,7.900000000001455,8.400000000001455,67.0,67.0,74.90000000000146,75.40000000000146,[8.4 7.4],[67. 67.],[75.4 74.4]
31909,[2958 2960],2,7.900000000001455,8.400000000001455,67.0,67.0,74.90000000000146,75.40000000000146,[8.4 7.4],[67. 67.],[75.4 74.4]
31910,[2958 2960],2,7.900000000001455,8.400000000001455,67.0,67.0,74.90000000000146,75.40000000000146,[8.4 7.4],[67. 67.],[75.4 74.4]
31911,[2958 2960],2,7.900000000001455,8.400000000001455,67.0,67.0,74.90000000000146,75.40000000000146,[8.4 7.4],[67. 67.],[75.4 74.4]
31912,[2958 2960],2,7.900000000001455,8.400000000001455,67.0,67.0,74.90000000000146,75.40000000000146,[8.4 7.4],[67. 67.],[75.4 74.4]
31913,[2958 2960],2,7.900000000001455,8.400000000001455,67.0,67.0,74.90000000000146,75.40000000000146,[8.4 7.4],[67. 67.],[75.4 74.4]
31914,[2958 2960],2,7.900000000001455,8.400000000001455,67.0,67.0,74.90000000000146,75.40000000000146,[8.4 7.4],[67. 67.],[75.4 74.4]
31915,[2958 2960],2,7.900000000001455,8.400000000001455,67.0,67.0,74.90000000000146,75.40000000000146,[8.4 7.4],[67. 67.],[75.4 74.4]
31916,[],0,0.0,0.0,0.0,0.0,0.0,0.0,[],[],[]
31917,[],0,0.0,0.0,0.0,0.0,0.0,0.0,[],[],[]
31918,[],0,0.0,0.0,0.0,0.0,0.0,0.0,[],[],[]
31919,[],0,0.0,0.0,0.0,0.0,0.0,0.0,[],[],[]
31920,[],0,0.0,0.0,0.0,0.0,0.0,0.0,[],[],[]
31921,[],0,0.0,0.0,0.0,0.0,0.0,0.0,[],[],[]
31922,[],0,0.0,0.0,0.0,0.0,0.0,0.0,[],[],[]
31923,[],0,0.0,0.0,0.0,0.0,0.0,0.0,[],[],[]
31924,[],0,0.0,0.0,0.0,0.0,0.0,0.0,[],[],[]
31925,[],0,0.0,0.0,0.0,0.0,0.0,0.0,[],[],[]
31926,[],0,0.0,0.0,0.0,0.0,0.0,0.0,[],[],[]
31927,[],0,0.0,0.0,0.0,0.0,0.0,0.0,[],[],[]
31928,[],0,0.0,0.0,0.0,0.0,0.0,0.0,[],[],[]
31929,[],0,0.0,0.0,0.0,0.0,0.0,0.0,[],[],[]
31930,[],0,0.0,0.0,0.0,0.0,0.0,0.0,[],[],[]
31931,[],0,0.0,0.0,0.0,0.0,0.0,0.0,[],[],[]
31932,[],0,0.0,0.0,0.0,0.0,0.0,0.0,[],[],[]
31933,[],0,0.0,0.0,0.0,0.0,0.0,0.0,[],[],[]
31934,[],0,0.0,0.0,0.0,0.0,0.0,0.0,[],[],[]
31935,[],0,0.0,0.0,0.0,0.0,0.0,0.0,[],[],[]
31936,[],0,0.0,0.0,0.0,0.0,0.0,0.0,[],[],[]
31937,[],0,0.0,0.0,0.0,0.0,0.0,0.0,[],[],[]
31938,[],0,0.0,0.0,0.0,0.0,0.0,0.0,[],[],[]
31939,[],0,0.0,0.0,0.0,0.0,0.0,0.0,[],[],[]
31940,[2991],1,33.400000000001455,33.400000000001455,72.69999999999709,72.69999999999709,106.09999999999854,106.09999999999854,[33.4],[72.7],[106.1]
31941,[2991],1,33.400000000001455,33.400000000001455,72.69999999999709,72.69999999999709,106.09999999999854,106.09999999999854,[33.4],[72.7],[106.1]
31942,[2991],1,33.400000000001455,33.400000000001455,72.69999999999709,72.69999999999709,106.09999999999854,106.09999999999854,[33.4],[72.7],[106.1]
31943,[2991],1,33.400000000001455,33.400000000001455,72.69999999999709,72.69999999999709,106.09999999999854,106.09999999999854,[33.4],[72.7],[106.1]
31944,[2991],1,33.400000000001455,33.400000000001455,72.69999999999709,72.69999999999709,106.09999999999854,106.09999999999854,[33.4],[72.7],[106.1]
31945,[2991],1,33.400000000001455,33.400000000001455,72.69999999999709,72.69999999999709,106.09999999999854,106.09999999999854,[33.4],[72.7],[106.1]
31946,[2991],1,33.400000000001455,33.400000000001455,72.69999999999709,72.69999999999709,106.09999999999854,106.09999999999854,[33.4],[72.7],[106.1]
31947,[2991],1,33.400000000001455,33.400000000001455,72.69999999999709,72.69999999999709,106.09999999999854,106.09999999999854,[33.4],[72.7],[106.1]
31948,[2991],1,33.400000000001455,33.400000000001455,72.69999999999709,72.69999999999709,106.09999999999854,106.09999999999854,[33.4],[72.7],[106.1]
31949,[2991],1,33.400000000001455,33.400000000001455,72.69999999999709,72.69999999999709,106.09999999999854,106.09999999999854,[33.4],[72.7],[106.1]
31950,[2991],1,33.400000000001455,33.400000000001455,72.69999999999709,72.69999999999709,106.09999999999854,106.09999999999854,[33.4],[72.7],[106.1]
31951,[2991],1,33.400000000001455,33.400000000001455,72.69999999999709,72.69999999999709,106.09999999999854,106.09999999999854,[33.4],[72.7],[106.1]
31952,[2991],1,33.400000000001455,33.400000000001455,72.69999999999709,72.69999999999709,106.09999999999854,106.09999999999854,[33.4],[72.7],[106.1]
31953,[2991],1,33.400000000001455,33.400000000001455,72.69999999999709,72.69999999999709,106.09999999999854,106.09999999999854,[33.4],[72.7],[106.1]
31954,[2991],1,33.400000000001455,33.400000000001455,72.69999999999709,72.69999999999709,106.09999999999854,106.09999999999854,[33.4],[72.7],[106.1]
31955,[2991],1,33.400000000001455,33.400000000001455,72.69999999999709,72.69999999999709,106.09999999999854,106.09999999999854,[33.4],[72.7],[106.1]
31956,[2991],1,33.400000000001455,33.400000000001455,72.69999999999709,72.69999999999709,106.09999999999854,106.09999999999854,[33.4],[72.7],[106.1]
31957,[2991],1,33.400000000001455,33.400000000001455,72.69999999999709,72.69999999999709,106.09999999999854,106.09999999999854,[33.4],[72.7],[106.1]
31958,[2991],1,33.400000000001455,33.400000000001455,72.69999999999709,72.69999999999709,106.09999999999854,106.09999999999854,[33.4],[72.7],[106.1]
31959,[2991],1,33.400000000001455,33.400000000001455,72.69999999999709,72.69999999999709,106.09999999999854,106.09999999999854,[33.4],[72.7],[106.1]
31960,[2991],1,33.400000000001455,33.400000000001455,72.69999999999709,72.69999999999709,106.09999999999854,106.09999999999854,[33.4],[72.7],[106.1]
31961,[2991],1,33.400000000001455,33.400000000001455,72.69999999999709,72.69999999999709,106.09999999999854,106.09999999999854,[33.4],[72.7],[106.1]
31962,[2991],1,33.400000000001455,33.400000000001455,72.69999999999709,72.69999999999709,106.09999999999854,106.09999999999854,[33.4],[72.7],[106.1]
31963,[2991],1,33.400000000001455,33.400000000001455,72.69999999999709,72.69999999999709,106.09999999999854,106.09999999999854,[33.4],[72.7],[106.1]
31964,[2991 3011],2,21.400000000001455,33.400000000001455,72.69999999999709,72.69999999999709,94.09999999999854,106.09999999999854,[33.4  9.4],[72.7 72.7],[106.1  82.1]
31965,[2991 3011],2,21.400000000001455,33.400000000001455,72.69999999999709,72.69999999999709,94.09999999999854,106.09999999999854,[33.4  9.4],[72.7 72.7],[106.1  82.1]
31966,[2991 3011],2,21.400000000001455,33.400000000001455,72.69999999999709,72.69999999999709,94.09999999999854,106.09999999999854,[33.4  9.4],[72.7 72.7],[106.1  82.1]
31967,[2991 3011],2,21.400000000001455,33.400000000001455,72.69999999999709,72.69999999999709,94.09999999999854,106.09999999999854,[33.4  9.4],[72.7 72.7],[106.1  82.1]
31968,[2991 3011],2,21.400000000001455,33.400000000001455,72.69999999999709,72.69999999999709,94.09999999999854,106.09999999999854,[33.4  9.4],[72.7 72.7],[106.1  82.1]
31969,[2991 3011],2,21.400000000001455,33.400000000001455,72.69999999999709,72.69999999999709,94.09999999999854,106.09999999999854,[33.4  9.4],[72.7 72.7],[106.1  82.1]
31970,[2991 3011],2,21.400000000001455,33.400000000001455,72.69999999999709,72.69999999999709,94.09999999999854,106.09999999999854,[33.4  9.4],[72.7 72.7],[106.1  82.1]
31971,[2991 3011],2,21.400000000001455,33.400000000001455,72.69999999999709,72.69999999999709,94.09999999999854,106.09999999999854,[33.4  9.4],[72.7 72.7],[106.1  82.1]
31972,[2991 3011],2,21.400000000001455,33.400000000001455,72.69999999999709,72.69999999999709,94.09999999999854,106.09999999999854,[33.4  9.4],[72.7 72.7],[106.1  82.1]
31973,[2991 3011],2,21.400000000001455,33.400000000001455,72.69999999999709,72.69999999999709,94.09999999999854,106.09999999999854,[33.4  9.4],[72.7 72.7],[106.1  82.1]
31974,[],0,0.0,0.0,0.0,0.0,0.0,0.0,[],[],[]
31975,[],0,0.0,0.0,0.0,0.0,0.0,0.0,[],[],[]
31976,[],0,0.0,0.0,0.0,0.0,0.0,0.0,[],[],[]
31977,[],0,0.0,0.0,0.0,0.0,0.0,0.0,[],[],[]
31978,[],0,0.0,0.0,0.0,0.0,0.0,0.0,[],[],[]
31979,[],0,0.0,0.0,0.0,0.0,0.0,0.0,[],[],[]
31980,[],0,0.0,0.0,0.0,0.0,0.0,0.0,[],[],[]
31981,[],0,0.0,0.0,0.0,0.0,0.0,0.0,[],[],[]
31982,[],0,0.0,0.0,0.0,0.0,0.0,0.0,[],[],[]
31983,[],0,0.0,0.0,0.0,0.0,0.0,0.0,[],[],[]
31984,[],0,0.0,0.0,0.0,0.0,0.0,0.0,[],[],[]
31985,[],0,0.0,0.0,0.0,0.0,0.0,0.0,[],[],[]
31986,[],0,0.0,0.0,0.0,0.0,0.0,0.0,[],[],[]
31987,[],0,0.0,0.0,0.0,0.0,0.0,0.0,[],[],[]
31988,[],0,0.0,0.0,0.0,0.0,0.0,0.0,[],[],[]
31989,[],0,0.0,0.0,0.0,0.0,0.0,0.0,[],[],[]
31990,[],0,0.0,0.0,0.0,0.0,0.0,0.0,[],[],[]
31991,[],0,0.0,0.0,0.0,0.0,0.0,0.0,[],[],[]
31992,[3036],1,50.0,50.0,78.40000000000146,78.40000000000146,128.40000000000146,128.40000000000146,[50.],[78.4],[128.4]
31993,[3036],1,50.0,50.0,78.40000000000146,78.40000000000146,128.40000000000146,128.40000000000146,[50.],[78.4],[128.4]
31994,[3036],1,50.0,50.0,78.40000000000146,78.40000000000146,128.40000000000146,128.40000000000146,[50.],[78.4],[128.4]
31995,[3036 3039],2,73.45000000000073,96.90000000000146,61.79999999999927,78.40000000000146,135.25,142.09999999999854,[50.  96.9],[78.4 45.2],[128.4 142.1]
31996,[3036 3039],2,73.45000000000073,96.90000000000146,61.79999999999927,78.40000000000146,135.25,142.09999999999854,[50.  96.9],[78.4 45.2],[128.4 142.1]
31997,[3036 3039],2,73.45000000000073,96.90000000000146,61.79999999999927,78.40000000000146,135.25,142.09999999999854,[50.  96.9],[78.4 45.2],[128.4 142.1]
31998,[3036 3039],2,73.45000000000073,96.90000000000146,61.79999999999927,78.40000000000146,135.25,142.09999999999854,[50.  96.9],[78.4 45.2],[128.4 142.1]
31999,[3036 3039],2,73.45000000000073,96.90000000000146,61.79999999999927,78.40000000000146,135.25,142.09999999999854,[50.  96.9],[78.4 45.2],[128.4 142.1]
32000,[3036 3039],2,73.45000000000073,96.90000000000146,61.79999999999927,78.40000000000146,135.25,142.09999999999854,[50.  96.9],[78.4 45.2],[128.4 142.1]
32001,[3036 3039],2,73.45000000000073,96.90000000000146,61.79999999999927,78.40000000000146,135.25,142.09999999999854,[50.  96.9],[78.4 45.2],[128.4 142.1]
32002,[3036 3039],2,73.45000000000073,96.90000000000146,61.79999999999927,78.40000000000146,135.25,142.09999999999854,[50.  96.9],[78.4 45.2],[128.4 142.1]
32003,[3036 3039],2,73.45000000000073,96.90000000000146,61.79999999999927,78.40000000000146,135.25,142.09999999999854,[50.  96.9],[78.4 45.2],[128.4 142.1]
32004,[3036 3039],2,73.45000000000073,96.90000000000146,61.79999999999927,78.40000000000146,135.25,142.09999999999854,[50.  96.9],[78.4 45.2],[128.4 142.1]
32005,[3036 3039],2,73.45000000000073,96.90000000000146,61.79999999999927,78.40000000000146,135.25,142.09999999999854,[50.  96.9],[78.4 45.2],[128.4 142.1]
32006,[3036 3039],2,73.45000000000073,96.90000000000146,61.79999999999927,78.40000000000146,135.25,142.09999999999854,[50.  96.9],[78.4 45.2],[128.4 142.1]
32007,[3036 3039 3051],3,60.633333333333816,96.90000000000146,67.33333333333333,78.40000000000146,127.96666666666715,142.09999999999854,[50.  96.9 35. ],[78.4 45.2 78.4],[128.4 142.1 113.4]
32008,[3036 3039 3051],3,60.633333333333816,96.90000000000146,67.33333333333333,78.40000000000146,127.96666666666715,142.09999999999854,[50.  96.9 35. ],[78.4 45.2 78.4],[128.4 142.1 113.4]
32009,[3036 3039 3051],3,60.633333333333816,96.90000000000146,67.33333333333333,78.40000000000146,127.96666666666715,142.09999999999854,[50.  96.9 35. ],[78.4 45.2 78.4],[128.4 142.1 113.4]
32010,[3036 3039 3051],3,60.633333333333816,96.90000000000146,67.33333333333333,78.40000000000146,127.96666666666715,142.09999999999854,[50.  96.9 35. ],[78.4 45.2 78.4],[128.4 142.1 113.4]
32011,[3036 3039 3051],3,60.633333333333816,96.90000000000146,67.33333333333333,78.40000000000146,127.96666666666715,142.09999999999854,[50.  96.9 35. ],[78.4 45.2 78.4],[128.4 142.1 113.4]
32012,[3036 3039 3051],3,60.633333333333816,96.90000000000146,67.33333333333333,78.40000000000146,127.96666666666715,142.09999999999854,[50.  96.9 35. ],[78.4 45.2 78.4],[128.4 142.1 113.4]
32013,[3036 3039 3051],3,60.633333333333816,96.90000000000146,67.33333333333333,78.40000000000146,127.96666666666715,142.09999999999854,[50.  96.9 35. ],[78.4 45.2 78.4],[128.4 142.1 113.4]
32014,[3036 3039 3051],3,60.633333333333816,96.90000000000146,67.33333333333333,78.40000000000146,127.96666666666715,142.09999999999854,[50.  96.9 35. ],[78.4 45.2 78.4],[128.4 142.1 113.4]
32015,[3036 3039 3051],3,60.633333333333816,96.90000000000146,67.33333333333333,78.40000000000146,127.96666666666715,142.09999999999854,[50.  96.9 35. ],[78.4 45.2 78.4],[128.4 142.1 113.4]
32016,[3036 3039 3051],3,60.633333333333816,96.90000000000146,67.33333333333333,78.40000000000146,127.96666666666715,142.09999999999854,[50.  96.9 35. ],[78.4 45.2 78.4],[128.4 142.1 113.4]
32017,[3036 3039 3051],3,60.633333333333816,96.90000000000146,67.33333333333333,78.40000000000146,127.96666666666715,142.09999999999854,[50.  96.9 35. ],[78.4 45.2 78.4],[128.4 142.1 113.4]
32018,[3036 3039 3051 3061],4,63.95000000000073,96.90000000000146,61.79999999999927,78.40000000000146,125.75,142.09999999999854,[50.  96.9 35.  73.9],[78.4 45.2 78.4 45.2],[128.4 142.1 113.4 119.1]
32019,[3036 3039 3051 3061],4,63.95000000000073,96.90000000000146,61.79999999999927,78.40000000000146,125.75,142.09999999999854,[50.  96.9 35.  73.9],[78.4 45.2 78.4 45.2],[128.4 142.1 113.4 119.1]
32020,[3036 3039 3051 3061],4,63.95000000000073,96.90000000000146,61.79999999999927,78.40000000000146,125.75,142.09999999999854,[50.  96.9 35.  73.9],[78.4 45.2 78.4 45.2],[128.4 142.1 113.4 119.1]
32021,[3036 3039 3051 3061],4,63.95000000000073,96.90000000000146,61.79999999999927,78.40000000000146,125.75,142.09999999999854,[50.  96.9 35.  73.9],[78.4 45.2 78.4 45.2],[128.4 142.1 113.4 119.1]
32022,[3036 3039 3051 3061],4,63.95000000000073,96.90000000000146,61.79999999999927,78.40000000000146,125.75,142.09999999999854,[50.  96.9 35.  73.9],[78.4 45.2 78.4 45.2],[128.4 142.1 113.4 119.1]
32023,[3036 3039 3051 3061],4,63.95000000000073,96.90000000000146,61.79999999999927,78.40000000000146,125.75,142.09999999999854,[50.  96.9 35.  73.9],[78.4 45.2 78.4 45.2],[128.4 142.1 113.4 119.1]
32024,[3036 3039 3051 3061],4,63.95000000000073,96.90000000000146,61.79999999999927,78.40000000000146,125.75,142.09999999999854,[50.  96.9 35.  73.9],[78.4 45.2 78.4 45.2],[128.4 142.1 113.4 119.1]
32025,[3036 3039 3051 3061],4,63.95000000000073,96.90000000000146,61.79999999999927,78.40000000000146,125.75,142.09999999999854,[50.  96.9 35.  73.9],[78.4 45.2 78.4 45.2],[128.4 142.1 113.4 119.1]
32026,[3036 3039 3051 3061],4,63.95000000000073,96.90000000000146,61.79999999999927,78.40000000000146,125.75,142.09999999999854,[50.  96.9 35.  73.9],[78.4 45.2 78.4 45.2],[128.4 142.1 113.4 119.1]
32027,[3036 3039 3051 3061],4,63.95000000000073,96.90000000000146,61.79999999999927,78.40000000000146,125.75,142.09999999999854,[50.  96.9 35.  73.9],[78.4 45.2 78.4 45.2],[128.4 142.1 113.4 119.1]
32028,[3036 3039 3051 3061],4,63.95000000000073,96.90000000000146,61.79999999999927,78.40000000000146,125.75,142.09999999999854,[50.  96.9 35.  73.9],[78.4 45.2 78.4 45.2],[128.4 142.1 113.4 119.1]
32029,[3036 3039 3051 3061],4,63.95000000000073,96.90000000000146,61.79999999999927,78.40000000000146,125.75,142.09999999999854,[50.  96.9 35.  73.9],[78.4 45.2 78.4 45.2],[128.4 142.1 113.4 119.1]
32030,[3036 3039 3051 3061],4,63.95000000000073,96.90000000000146,61.79999999999927,78.40000000000146,125.75,142.09999999999854,[50.  96.9 35.  73.9],[78.4 45.2 78.4 45.2],[128.4 142.1 113.4 119.1]
32031,[3036 3039 3051 3061 3077],5,63.34000000000087,96.90000000000146,58.47999999999884,78.40000000000146,121.81999999999971,142.09999999999854,[50.  96.9 35.  73.9 60.9],[78.4 45.2 78.4 45.2 45.2],[128.4 142.1 113.4 119.1 106.1]
32032,[3036 3039 3051 3061 3077],5,63.34000000000087,96.90000000000146,58.47999999999884,78.40000000000146,121.81999999999971,142.09999999999854,[50.  96.9 35.  73.9 60.9],[78.4 45.2 78.4 45.2 45.2],[128.4 142.1 113.4 119.1 106.1]
32033,[3036 3039 3051 3061 3077],5,63.34000000000087,96.90000000000146,58.47999999999884,78.40000000000146,121.81999999999971,142.09999999999854,[50.  96.9 35.  73.9 60.9],[78.4 45.2 78.4 45.2 45.2],[128.4 142.1 113.4 119.1 106.1]
32034,[3036 3039 3051 3061 3077],5,63.34000000000087,96.90000000000146,58.47999999999884,78.40000000000146,121.81999999999971,142.09999999999854,[50.  96.9 35.  73.9 60.9],[78.4 45.2 78.4 45.2 45.2],[128.4 142.1 113.4 119.1 106.1]
32035,[3036 3039 3051 3061 3077],5,63.34000000000087,96.90000000000146,58.47999999999884,78.40000000000146,121.81999999999971,142.09999999999854,[50.  96.9 35.  73.9 60.9],[78.4 45.2 78.4 45.2 45.2],[128.4 142.1 113.4 119.1 106.1]
32036,[3036 3039 3051 3061 3077],5,63.34000000000087,96.90000000000146,58.47999999999884,78.40000000000146,121.81999999999971,142.09999999999854,[50.  96.9 35.  73.9 60.9],[78.4 45.2 78.4 45.2 45.2],[128.4 142.1 113.4 119.1 106.1]
32037,[3036 3039 3051 3061 3077],5,63.34000000000087,96.90000000000146,58.47999999999884,78.40000000000146,121.81999999999971,142.09999999999854,[50.  96.9 35.  73.9 60.9],[78.4 45.2 78.4 45.2 45.2],[128.4 142.1 113.4 119.1 106.1]
32038,[3036 3039 3051 3061 3077],5,63.34000000000087,96.90000000000146,58.47999999999884,78.40000000000146,121.81999999999971,142.09999999999854,[50.  96.9 35.  73.9 60.9],[78.4 45.2 78.4 45.2 45.2],[128.4 142.1 113.4 119.1 106.1]
32039,[3036 3039 3051 3061 3077],5,63.34000000000087,96.90000000000146,58.47999999999884,78.40000000000146,121.81999999999971,142.09999999999854,[50.  96.9 35.  73.9 60.9],[78.4 45.2 78.4 45.2 45.2],[128.4 142.1 113.4 119.1 106.1]
32040,[3036 3039 3051 3061 3077],5,63.34000000000087,96.90000000000146,58.47999999999884,78.40000000000146,121.81999999999971,142.09999999999854,[50.  96.9 35.  73.9 60.9],[78.4 45.2 78.4 45.2 45.2],[128.4 142.1 113.4 119.1 106.1]
32041,[3036 3039 3051 3061 3077],5,63.34000000000087,96.90000000000146,58.47999999999884,78.40000000000146,121.81999999999971,142.09999999999854,[50.  96.9 35.  73.9 60.9],[78.4 45.2 78.4 45.2 45.2],[128.4 142.1 113.4 119.1 106.1]
32042,[3036 3039 3051 3061 3077],5,63.34000000000087,96.90000000000146,58.47999999999884,78.40000000000146,121.81999999999971,142.09999999999854,[50.  96.9 35.  73.9 60.9],[78.4 45.2 78.4 45.2 45.2],[128.4 142.1 113.4 119.1 106.1]
32043,[3039 3061 3077],3,77.23333333333478,96.90000000000146,45.19999999999709,45.19999999999709,122.43333333333187,142.09999999999854,[96.9 73.9 60.9],[45.2 45.2 45.2],[142.1 119.1 106.1]
32044,[3039 3061 3077],3,77.23333333333478,96.90000000000146,45.19999999999709,45.19999999999709,122.43333333333187,142.09999999999854,[96.9 73.9 60.9],[45.2 45.2 45.2],[142.1 119.1 106.1]
32045,[3039 3061 3077],3,77.23333333333478,96.90000000000146,45.19999999999709,45.19999999999709,122.43333333333187,142.09999999999854,[96.9 73.9 60.9],[45.2 45.2 45.2],[142.1 119.1 106.1]
32046,[3039 3061 3077],3,77.23333333333478,96.90000000000146,45.19999999999709,45.19999999999709,122.43333333333187,142.09999999999854,[96.9 73.9 60.9],[45.2 45.2 45.2],[142.1 119.1 106.1]
32047,[3039 3061 3077],3,77.23333333333478,96.90000000000146,45.19999999999709,45.19999999999709,122.43333333333187,142.09999999999854,[96.9 73.9 60.9],[45.2 45.2 45.2],[142.1 119.1 106.1]
32048,[3039 3061 3077],3,77.23333333333478,96.90000000000146,45.19999999999709,45.19999999999709,122.43333333333187,142.09999999999854,[96.9 73.9 60.9],[45.2 45.2 45.2],[142.1 119.1 106.1]
32049,[3039 3061 3077],3,77.23333333333478,96.90000000000146,45.19999999999709,45.19999999999709,122.43333333333187,142.09999999999854,[96.9 73.9 60.9],[45.2 45.2 45.2],[142.1 119.1 106.1]
32050,[3039 3061 3077],3,77.23333333333478,96.90000000000146,45.19999999999709,45.19999999999709,122.43333333333187,142.09999999999854,[96.9 73.9 60.9],[45.2 45.2 45.2],[142.1 119.1 106.1]
32051,[3039 3061 3077],3,77.23333333333478,96.90000000000146,45.19999999999709,45.19999999999709,122.43333333333187,142.09999999999854,[96.9 73.9 60.9],[45.2 45.2 45.2],[142.1 119.1 106.1]
32052,[3039 3061 3077],3,77.23333333333478,96.90000000000146,45.19999999999709,45.19999999999709,122.43333333333187,142.09999999999854,[96.9 73.9 60.9],[45.2 45.2 45.2],[142.1 119.1 106.1]
32053,[3039 3061 3077],3,77.23333333333478,96.90000000000146,45.19999999999709,45.19999999999709,122.43333333333187,142.09999999999854,[96.9 73.9 60.9],[45.2 45.2 45.2],[142.1 119.1 106.1]
32054,[3039 3061 3077],3,77.23333333333478,96.90000000000146,45.19999999999709,45.19999999999709,122.43333333333187,142.09999999999854,[96.9 73.9 60.9],[45.2 45.2 45.2],[142.1 119.1 106.1]
32055,[3039 3061 3077],3,77.23333333333478,96.90000000000146,45.19999999999709,45.19999999999709,122.43333333333187,142.09999999999854,[96.9 73.9 60.9],[45.2 45.2 45.2],[142.1 119.1 106.1]
32056,[3039 3061 3077],3,77.23333333333478,96.90000000000146,45.19999999999709,45.19999999999709,122.43333333333187,142.09999999999854,[96.9 73.9 60.9],[45.2 45.2 45.2],[142.1 119.1 106.1]
32057,[3039 3061 3077],3,77.23333333333478,96.90000000000146,45.19999999999709,45.19999999999709,122.43333333333187,142.09999999999854,[96.9 73.9 60.9],[45.2 45.2 45.2],[142.1 119.1 106.1]
32058,[3039 3061 3077],3,77.23333333333478,96.90000000000146,45.19999999999709,45.19999999999709,122.43333333333187,142.09999999999854,[96.9 73.9 60.9],[45.2 45.2 45.2],[142.1 119.1 106.1]
32059,[3039 3061 3077],3,77.23333333333478,96.90000000000146,45.19999999999709,45.19999999999709,122.43333333333187,142.09999999999854,[96.9 73.9 60.9],[45.2 45.2 45.2],[142.1 119.1 106.1]
32060,[3039 3061 3077],3,77.23333333333478,96.90000000000146,45.19999999999709,45.19999999999709,122.43333333333187,142.09999999999854,[96.9 73.9 60.9],[45.2 45.2 45.2],[142.1 119.1 106.1]
32061,[3039 3061 3077],3,77.23333333333478,96.90000000000146,45.19999999999709,45.19999999999709,122.43333333333187,142.09999999999854,[96.9 73.9 60.9],[45.2 45.2 45.2],[142.1 119.1 106.1]
32062,[3039 3061 3077],3,77.23333333333478,96.90000000000146,45.19999999999709,45.19999999999709,122.43333333333187,142.09999999999854,[96.9 73.9 60.9],[45.2 45.2 45.2],[142.1 119.1 106.1]
32063,[3039 3061 3077],3,77.23333333333478,96.90000000000146,45.19999999999709,45.19999999999709,122.43333333333187,142.09999999999854,[96.9 73.9 60.9],[45.2 45.2 45.2],[142.1 119.1 106.1]
32064,[3039 3061 3077],3,77.23333333333478,96.90000000000146,45.19999999999709,45.19999999999709,122.43333333333187,142.09999999999854,[96.9 73.9 60.9],[45.2 45.2 45.2],[142.1 119.1 106.1]
32065,[3039 3061 3077],3,77.23333333333478,96.90000000000146,45.19999999999709,45.19999999999709,122.43333333333187,142.09999999999854,[96.9 73.9 60.9],[45.2 45.2 45.2],[142.1 119.1 106.1]
32066,[3039 3061 3077],3,77.23333333333478,96.90000000000146,45.19999999999709,45.19999999999709,122.43333333333187,142.09999999999854,[96.9 73.9 60.9],[45.2 45.2 45.2],[142.1 119.1 106.1]
32067,[3039 3061 3077],3,77.23333333333478,96.90000000000146,45.19999999999709,45.19999999999709,122.43333333333187,142.09999999999854,[96.9 73.9 60.9],[45.2 45.2 45.2],[142.1 119.1 106.1]
32068,[3039 3061 3077],3,77.23333333333478,96.90000000000146,45.19999999999709,45.19999999999709,122.43333333333187,142.09999999999854,[96.9 73.9 60.9],[45.2 45.2 45.2],[142.1 119.1 106.1]
32069,[3039 3061 3077],3,77.23333333333478,96.90000000000146,45.19999999999709,45.19999999999709,122.43333333333187,142.09999999999854,[96.9 73.9 60.9],[45.2 45.2 45.2],[142.1 119.1 106.1]
32070,[3039 3061 3077],3,77.23333333333478,96.90000000000146,45.19999999999709,45.19999999999709,122.43333333333187,142.09999999999854,[96.9 73.9 60.9],[45.2 45.2 45.2],[142.1 119.1 106.1]
32071,[3039 3061 3077],3,77.23333333333478,96.90000000000146,45.19999999999709,45.19999999999709,122.43333333333187,142.09999999999854,[96.9 73.9 60.9],[45.2 45.2 45.2],[142.1 119.1 106.1]
32072,[3039 3061 3077],3,77.23333333333478,96.90000000000146,45.19999999999709,45.19999999999709,122.43333333333187,142.09999999999854,[96.9 73.9 60.9],[45.2 45.2 45.2],[142.1 119.1 106.1]
32073,[3039 3061 3077],3,77.23333333333478,96.90000000000146,45.19999999999709,45.19999999999709,122.43333333333187,142.09999999999854,[96.9 73.9 60.9],[45.2 45.2 45.2],[142.1 119.1 106.1]
32074,[3039 3061 3077],3,77.23333333333478,96.90000000000146,45.19999999999709,45.19999999999709,122.43333333333187,142.09999999999854,[96.9 73.9 60.9],[45.2 45.2 45.2],[142.1 119.1 106.1]
32075,[3039 3061 3077],3,77.23333333333478,96.90000000000146,45.19999999999709,45.19999999999709,122.43333333333187,142.09999999999854,[96.9 73.9 60.9],[45.2 45.2 45.2],[142.1 119.1 106.1]
32076,[3039 3061 3077],3,77.23333333333478,96.90000000000146,45.19999999999709,45.19999999999709,122.43333333333187,142.09999999999854,[96.9 73.9 60.9],[45.2 45.2 45.2],[142.1 119.1 106.1]
32077,[3039 3061 3077],3,77.23333333333478,96.90000000000146,45.19999999999709,45.19999999999709,122.43333333333187,142.09999999999854,[96.9 73.9 60.9],[45.2 45.2 45.2],[142.1 119.1 106.1]
32078,[3039 3061 3077],3,77.23333333333478,96.90000000000146,45.19999999999709,45.19999999999709,122.43333333333187,142.09999999999854,[96.9 73.9 60.9],[45.2 45.2 45.2],[142.1 119.1 106.1]
32079,[3039 3061 3077],3,77.23333333333478,96.90000000000146,45.19999999999709,45.19999999999709,122.43333333333187,142.09999999999854,[96.9 73.9 60.9],[45.2 45.2 45.2],[142.1 119.1 106.1]
32080,[3039 3061 3077],3,77.23333333333478,96.90000000000146,45.19999999999709,45.19999999999709,122.43333333333187,142.09999999999854,[96.9 73.9 60.9],[45.2 45.2 45.2],[142.1 119.1 106.1]
32081,[3039 3061 3077 3128],4,60.650000000001455,96.90000000000146,45.19999999999709,45.19999999999709,105.84999999999854,142.09999999999854,[96.9 73.9 60.9 10.9],[45.2 45.2 45.2 45.2],[142.1 119.1 106.1  56.1]
32082,[3039 3061 3077 3128],4,60.650000000001455,96.90000000000146,45.19999999999709,45.19999999999709,105.84999999999854,142.09999999999854,[96.9 73.9 60.9 10.9],[45.2 45.2 45.2 45.2],[142.1 119.1 106.1  56.1]
32083,[3039 3061 3077 3128],4,60.650000000001455,96.90000000000146,45.19999999999709,45.19999999999709,105.84999999999854,142.09999999999854,[96.9 73.9 60.9 10.9],[45.2 45.2 45.2 45.2],[142.1 119.1 106.1  56.1]
32084,[3039 3061 3077 3128],4,60.650000000001455,96.90000000000146,45.19999999999709,45.19999999999709,105.84999999999854,142.09999999999854,[96.9 73.9 60.9 10.9],[45.2 45.2 45.2 45.2],[142.1 119.1 106.1  56.1]
32085,[3039 3061 3077 3128],4,60.650000000001455,96.90000000000146,45.19999999999709,45.19999999999709,105.84999999999854,142.09999999999854,[96.9 73.9 60.9 10.9],[45.2 45.2 45.2 45.2],[142.1 119.1 106.1  56.1]
32086,[3039 3061 3077 3128],4,60.650000000001455,96.90000000000146,45.19999999999709,45.19999999999709,105.84999999999854,142.09999999999854,[96.9 73.9 60.9 10.9],[45.2 45.2 45.2 45.2],[142.1 119.1 106.1  56.1]
32087,[3039 3061 3077 3128],4,60.650000000001455,96.90000000000146,45.19999999999709,45.19999999999709,105.84999999999854,142.09999999999854,[96.9 73.9 60.9 10.9],[45.2 45.2 45.2 45.2],[142.1 119.1 106.1  56.1]
32088,[3039 3061 3077 3128],4,60.650000000001455,96.90000000000146,45.19999999999709,45.19999999999709,105.84999999999854,142.09999999999854,[96.9 73.9 60.9 10.9],[45.2 45.2 45.2 45.2],[142.1 119.1 106.1  56.1]
32089,[3039 3061 3077 3128],4,60.650000000001455,96.90000000000146,45.19999999999709,45.19999999999709,105.84999999999854,142.09999999999854,[96.9 73.9 60.9 10.9],[45.2 45.2 45.2 45.2],[142.1 119.1 106.1  56.1]
32090,[3039 3061 3077 3128],4,60.650000000001455,96.90000000000146,45.19999999999709,45.19999999999709,105.84999999999854,142.09999999999854,[96.9 73.9 60.9 10.9],[45.2 45.2 45.2 45.2],[142.1 119.1 106.1  56.1]
32091,[3039 3061 3077 3128],4,60.650000000001455,96.90000000000146,45.19999999999709,45.19999999999709,105.84999999999854,142.09999999999854,[96.9 73.9 60.9 10.9],[45.2 45.2 45.2 45.2],[142.1 119.1 106.1  56.1]
32092,[],0,0.0,0.0,0.0,0.0,0.0,0.0,[],[],[]
32093,[],0,0.0,0.0,0.0,0.0,0.0,0.0,[],[],[]
32094,[],0,0.0,0.0,0.0,0.0,0.0,0.0,[],[],[]
32095,[],0,0.0,0.0,0.0,0.0,0.0,0.0,[],[],[]
32096,[],0,0.0,0.0,0.0,0.0,0.0,0.0,[],[],[]
32097,[],0,0.0,0.0,0.0,0.0,0.0,0.0,[],[],[]
32098,[],0,0.0,0.0,0.0,0.0,0.0,0.0,[],[],[]
32099,[],0,0.0,0.0,0.0,0.0,0.0,0.0,[],[],[]
32100,[3146],1,0.0,0.0,37.099999999998545,37.099999999998545,37.099999999998545,37.099999999998545,[0.],[37.1],[37.1]
32101,[],0,0.0,0.0,0.0,0.0,0.0,0.0,[],[],[]
32102,[],0,0.0,0.0,0.0,0.0,0.0,0.0,[],[],[]
32103,[],0,0.0,0.0,0.0,0.0,0.0,0.0,[],[],[]
32104,[],0,0.0,0.0,0.0,0.0,0.0,0.0,[],[],[]
32105,[],0,0.0,0.0,0.0,0.0,0.0,0.0,[],[],[]
32106,[],0,0.0,0.0,0.0,0.0,0.0,0.0,[],[],[]
32107,[3154],1,73.5,73.5,83.29999999999927,83.29999999999927,156.79999999999927,156.79999999999927,[73.5],[83.3],[156.8]
32108,[3154],1,73.5,73.5,83.29999999999927,83.29999999999927,156.79999999999927,156.79999999999927,[73.5],[83.3],[156.8]
32109,[3154],1,73.5,73.5,83.29999999999927,83.29999999999927,156.79999999999927,156.79999999999927,[73.5],[83.3],[156.8]
32110,[3154],1,73.5,73.5,83.29999999999927,83.29999999999927,156.79999999999927,156.79999999999927,[73.5],[83.3],[156.8]
32111,[3154],1,73.5,73.5,83.29999999999927,83.29999999999927,156.79999999999927,156.79999999999927,[73.5],[83.3],[156.8]
32112,[3154],1,73.5,73.5,83.29999999999927,83.29999999999927,156.79999999999927,156.79999999999927,[73.5],[83.3],[156.8]
32113,[3154],1,73.5,73.5,83.29999999999927,83.29999999999927,156.79999999999927,156.79999999999927,[73.5],[83.3],[156.8]
32114,[3154],1,73.5,73.5,83.29999999999927,83.29999999999927,156.79999999999927,156.79999999999927,[73.5],[83.3],[156.8]
32115,[3154],1,73.5,73.5,83.29999999999927,83.29999999999927,156.79999999999927,156.79999999999927,[73.5],[83.3],[156.8]
32116,[3154],1,73.5,73.5,83.29999999999927,83.29999999999927,156.79999999999927,156.79999999999927,[73.5],[83.3],[156.8]
32117,[3154],1,73.5,73.5,83.29999999999927,83.29999999999927,156.79999999999927,156.79999999999927,[73.5],[83.3],[156.8]
32118,[3154 3165],2,68.0,73.5,83.29999999999927,83.29999999999927,151.29999999999927,156.79999999999927,[73.5 62.5],[83.3 83.3],[156.8 145.8]
32119,[3154 3165 3166],3,65.83333333333333,73.5,83.29999999999927,83.29999999999927,149.13333333333262,156.79999999999927,[73.5 62.5 61.5],[83.3 83.3 83.3],[156.8 145.8 144.8]
32120,[3154 3165 3166],3,65.83333333333333,73.5,83.29999999999927,83.29999999999927,149.13333333333262,156.79999999999927,[73.5 62.5 61.5],[83.3 83.3 83.3],[156.8 145.8 144.8]
32121,[3154 3165 3166],3,65.83333333333333,73.5,83.29999999999927,83.29999999999927,149.13333333333262,156.79999999999927,[73.5 62.5 61.5],[83.3 83.3 83.3],[156.8 145.8 144.8]
32122,[3154 3165 3166],3,65.83333333333333,73.5,83.29999999999927,83.29999999999927,149.13333333333262,156.79999999999927,[73.5 62.5 61.5],[83.3 83.3 83.3],[156.8 145.8 144.8]
32123,[3154 3165 3166],3,65.83333333333333,73.5,83.29999999999927,83.29999999999927,149.13333333333262,156.79999999999927,[73.5 62.5 61.5],[83.3 83.3 83.3],[156.8 145.8 144.8]
32124,[3154 3165 3166],3,65.83333333333333,73.5,83.29999999999927,83.29999999999927,149.13333333333262,156.79999999999927,[73.5 62.5 61.5],[83.3 83.3 83.3],[156.8 145.8 144.8]
32125,[3154 3165 3166],3,65.83333333333333,73.5,83.29999999999927,83.29999999999927,149.13333333333262,156.79999999999927,[73.5 62.5 61.5],[83.3 83.3 83.3],[156.8 145.8 144.8]
32126,[3154 3165 3166],3,65.83333333333333,73.5,83.29999999999927,83.29999999999927,149.13333333333262,156.79999999999927,[73.5 62.5 61.5],[83.3 83.3 83.3],[156.8 145.8 144.8]
32127,[3154 3165 3166],3,65.83333333333333,73.5,83.29999999999927,83.29999999999927,149.13333333333262,156.79999999999927,[73.5 62.5 61.5],[83.3 83.3 83.3],[156.8 145.8 144.8]
32128,[3154 3165 3166],3,65.83333333333333,73.5,83.29999999999927,83.29999999999927,149.13333333333262,156.79999999999927,[73.5 62.5 61.5],[83.3 83.3 83.3],[156.8 145.8 144.8]
32129,[3154 3165 3166],3,65.83333333333333,73.5,83.29999999999927,83.29999999999927,149.13333333333262,156.79999999999927,[73.5 62.5 61.5],[83.3 83.3 83.3],[156.8 145.8 144.8]
32130,[3154 3165 3166],3,65.83333333333333,73.5,83.29999999999927,83.29999999999927,149.13333333333262,156.79999999999927,[73.5 62.5 61.5],[83.3 83.3 83.3],[156.8 145.8 144.8]
32131,[3154 3165 3166],3,65.83333333333333,73.5,83.29999999999927,83.29999999999927,149.13333333333262,156.79999999999927,[73.5 62.5 61.5],[83.3 83.3 83.3],[156.8 145.8 144.8]
32132,[3154 3165 3166],3,65.83333333333333,73.5,83.29999999999927,83.29999999999927,149.13333333333262,156.79999999999927,[73.5 62.5 61.5],[83.3 83.3 83.3],[156.8 145.8 144.8]
32133,[3154 3165 3166],3,65.83333333333333,73.5,83.29999999999927,83.29999999999927,149.13333333333262,156.79999999999927,[73.5 62.5 61.5],[83.3 83.3 83.3],[156.8 145.8 144.8]
32134,[3154 3165 3166],3,65.83333333333333,73.5,83.29999999999927,83.29999999999927,149.13333333333262,156.79999999999927,[73.5 62.5 61.5],[83.3 83.3 83.3],[156.8 145.8 144.8]
32135,[3154 3165 3166],3,65.83333333333333,73.5,83.29999999999927,83.29999999999927,149.13333333333262,156.79999999999927,[73.5 62.5 61.5],[83.3 83.3 83.3],[156.8 145.8 144.8]
32136,[3154 3165 3166],3,65.83333333333333,73.5,83.29999999999927,83.29999999999927,149.13333333333262,156.79999999999927,[73.5 62.5 61.5],[83.3 83.3 83.3],[156.8 145.8 144.8]
32137,[3154 3165 3166],3,65.83333333333333,73.5,83.29999999999927,83.29999999999927,149.13333333333262,156.79999999999927,[73.5 62.5 61.5],[83.3 83.3 83.3],[156.8 145.8 144.8]
32138,[3154 3165 3166],3,65.83333333333333,73.5,83.29999999999927,83.29999999999927,149.13333333333262,156.79999999999927,[73.5 62.5 61.5],[83.3 83.3 83.3],[156.8 145.8 144.8]
32139,[3154 3165 3166],3,65.83333333333333,73.5,83.29999999999927,83.29999999999927,149.13333333333262,156.79999999999927,[73.5 62.5 61.5],[83.3 83.3 83.3],[156.8 145.8 144.8]
32140,[3154 3165 3166],3,65.83333333333333,73.5,83.29999999999927,83.29999999999927,149.13333333333262,156.79999999999927,[73.5 62.5 61.5],[83.3 83.3 83.3],[156.8 145.8 144.8]
32141,[3154 3165 3166],3,65.83333333333333,73.5,83.29999999999927,83.29999999999927,149.13333333333262,156.79999999999927,[73.5 62.5 61.5],[83.3 83.3 83.3],[156.8 145.8 144.8]
32142,[3154 3165 3166],3,65.83333333333333,73.5,83.29999999999927,83.29999999999927,149.13333333333262,156.79999999999927,[73.5 62.5 61.5],[83.3 83.3 83.3],[156.8 145.8 144.8]
32143,[3154 3165 3166],3,65.83333333333333,73.5,83.29999999999927,83.29999999999927,149.13333333333262,156.79999999999927,[73.5 62.5 61.5],[83.3 83.3 83.3],[156.8 145.8 144.8]
32144,[3154 3165 3166],3,65.83333333333333,73.5,83.29999999999927,83.29999999999927,149.13333333333262,156.79999999999927,[73.5 62.5 61.5],[83.3 83.3 83.3],[156.8 145.8 144.8]
32145,[3154 3165 3166],3,65.83333333333333,73.5,83.29999999999927,83.29999999999927,149.13333333333262,156.79999999999927,[73.5 62.5 61.5],[83.3 83.3 83.3],[156.8 145.8 144.8]
32146,[3154 3165 3166],3,65.83333333333333,73.5,83.29999999999927,83.29999999999927,149.13333333333262,156.79999999999927,[73.5 62.5 61.5],[83.3 83.3 83.3],[156.8 145.8 144.8]
32147,[3154 3165 3166],3,65.83333333333333,73.5,83.29999999999927,83.29999999999927,149.13333333333262,156.79999999999927,[73.5 62.5 61.5],[83.3 83.3 83.3],[156.8 145.8 144.8]
32148,[3154 3165 3166],3,65.83333333333333,73.5,83.29999999999927,83.29999999999927,149.13333333333262,156.79999999999927,[73.5 62.5 61.5],[83.3 83.3 83.3],[156.8 145.8 144.8]
32149,[3154 3165 3166],3,65.83333333333333,73.5,83.29999999999927,83.29999999999927,149.13333333333262,156.79999999999927,[73.5 62.5 61.5],[83.3 83.3 83.3],[156.8 145.8 144.8]
32150,[3154 3165 3166],3,65.83333333333333,73.5,83.29999999999927,83.29999999999927,149.13333333333262,156.79999999999927,[73.5 62.5 61.5],[83.3 83.3 83.3],[156.8 145.8 144.8]
32151,[3154 3165 3166],3,65.83333333333333,73.5,83.29999999999927,83.29999999999927,149.13333333333262,156.79999999999927,[73.5 62.5 61.5],[83.3 83.3 83.3],[156.8 145.8 144.8]
32152,[3154 3165 3166],3,65.83333333333333,73.5,83.29999999999927,83.29999999999927,149.13333333333262,156.79999999999927,[73.5 62.5 61.5],[83.3 83.3 83.3],[156.8 145.8 144.8]
32153,[3154 3165 3166],3,65.83333333333333,73.5,83.29999999999927,83.29999999999927,149.13333333333262,156.79999999999927,[73.5 62.5 61.5],[83.3 83.3 83.3],[156.8 145.8 144.8]
32154,[3154 3165 3166],3,65.83333333333333,73.5,83.29999999999927,83.29999999999927,149.13333333333262,156.79999999999927,[73.5 62.5 61.5],[83.3 83.3 83.3],[156.8 145.8 144.8]
32155,[3154 3165 3166],3,65.83333333333333,73.5,83.29999999999927,83.29999999999927,149.13333333333262,156.79999999999927,[73.5 62.5 61.5],[83.3 83.3 83.3],[156.8 145.8 144.8]
32156,[3154 3165 3166],3,65.83333333333333,73.5,83.29999999999927,83.29999999999927,149.13333333333262,156.79999999999927,[73.5 62.5 61.5],[83.3 83.3 83.3],[156.8 145.8 144.8]
32157,[3154 3165 3166],3,65.83333333333333,73.5,83.29999999999927,83.29999999999927,149.13333333333262,156.79999999999927,[73.5 62.5 61.5],[83.3 83.3 83.3],[156.8 145.8 144.8]
32158,[3154 3165 3166],3,65.83333333333333,73.5,83.29999999999927,83.29999999999927,149.13333333333262,156.79999999999927,[73.5 62.5 61.5],[83.3 83.3 83.3],[156.8 145.8 144.8]
32159,[3154 3165 3166],3,65.83333333333333,73.5,83.29999999999927,83.29999999999927,149.13333333333262,156.79999999999927,[73.5 62.5 61.5],[83.3 83.3 83.3],[156.8 145.8 144.8]
32160,[3154 3165 3166],3,65.83333333333333,73.5,83.29999999999927,83.29999999999927,149.13333333333262,156.79999999999927,[73.5 62.5 61.5],[83.3 83.3 83.3],[156.8 145.8 144.8]
32161,[3154 3165 3166],3,65.83333333333333,73.5,83.29999999999927,83.29999999999927,149.13333333333262,156.79999999999927,[73.5 62.5 61.5],[83.3 83.3 83.3],[156.8 145.8 144.8]
32162,[3154 3165 3166],3,65.83333333333333,73.5,83.29999999999927,83.29999999999927,149.13333333333262,156.79999999999927,[73.5 62.5 61.5],[83.3 83.3 83.3],[156.8 145.8 144.8]
32163,[3154 3165 3166],3,65.83333333333333,73.5,83.29999999999927,83.29999999999927,149.13333333333262,156.79999999999927,[73.5 62.5 61.5],[83.3 83.3 83.3],[156.8 145.8 144.8]
32164,[3154 3165 3166],3,65.83333333333333,73.5,83.29999999999927,83.29999999999927,149.13333333333262,156.79999999999927,[73.5 62.5 61.5],[83.3 83.3 83.3],[156.8 145.8 144.8]
32165,[3154 3165 3166],3,65.83333333333333,73.5,83.29999999999927,83.29999999999927,149.13333333333262,156.79999999999927,[73.5 62.5 61.5],[83.3 83.3 83.3],[156.8 145.8 144.8]
32166,[3154 3165 3166],3,65.83333333333333,73.5,83.29999999999927,83.29999999999927,149.13333333333262,156.79999999999927,[73.5 62.5 61.5],[83.3 83.3 83.3],[156.8 145.8 144.8]
32167,[3154 3165 3166],3,65.83333333333333,73.5,83.29999999999927,83.29999999999927,149.13333333333262,156.79999999999927,[73.5 62.5 61.5],[83.3 83.3 83.3],[156.8 145.8 144.8]
32168,[3154 3165 3166],3,65.83333333333333,73.5,83.29999999999927,83.29999999999927,149.13333333333262,156.79999999999927,[73.5 62.5 61.5],[83.3 83.3 83.3],[156.8 145.8 144.8]
32169,[3154 3165 3166],3,65.83333333333333,73.5,83.29999999999927,83.29999999999927,149.13333333333262,156.79999999999927,[73.5 62.5 61.5],[83.3 83.3 83.3],[156.8 145.8 144.8]
32170,[3154 3165 3166],3,65.83333333333333,73.5,83.29999999999927,83.29999999999927,149.13333333333262,156.79999999999927,[73.5 62.5 61.5],[83.3 83.3 83.3],[156.8 145.8 144.8]
32171,[3154 3165 3166],3,65.83333333333333,73.5,83.29999999999927,83.29999999999927,149.13333333333262,156.79999999999927,[73.5 62.5 61.5],[83.3 83.3 83.3],[156.8 145.8 144.8]
32172,[3154 3165 3166],3,65.83333333333333,73.5,83.29999999999927,83.29999999999927,149.13333333333262,156.79999999999927,[73.5 62.5 61.5],[83.3 83.3 83.3],[156.8 145.8 144.8]
32173,[3154 3165 3166],3,65.83333333333333,73.5,83.29999999999927,83.29999999999927,149.13333333333262,156.79999999999927,[73.5 62.5 61.5],[83.3 83.3 83.3],[156.8 145.8 144.8]
32174,[3154 3165 3166],3,65.83333333333333,73.5,83.29999999999927,83.29999999999927,149.13333333333262,156.79999999999927,[73.5 62.5 61.5],[83.3 83.3 83.3],[156.8 145.8 144.8]
32175,[3154 3165 3166],3,65.83333333333333,73.5,83.29999999999927,83.29999999999927,149.13333333333262,156.79999999999927,[73.5 62.5 61.5],[83.3 83.3 83.3],[156.8 145.8 144.8]
32176,[3154 3165 3166],3,65.83333333333333,73.5,83.29999999999927,83.29999999999927,149.13333333333262,156.79999999999927,[73.5 62.5 61.5],[83.3 83.3 83.3],[156.8 145.8 144.8]
32177,[3154 3165 3166],3,65.83333333333333,73.5,83.29999999999927,83.29999999999927,149.13333333333262,156.79999999999927,[73.5 62.5 61.5],[83.3 83.3 83.3],[156.8 145.8 144.8]
32178,[3154 3165 3166],3,65.83333333333333,73.5,83.29999999999927,83.29999999999927,149.13333333333262,156.79999999999927,[73.5 62.5 61.5],[83.3 83.3 83.3],[156.8 145.8 144.8]
32179,[3154 3165 3166],3,65.83333333333333,73.5,83.29999999999927,83.29999999999927,149.13333333333262,156.79999999999927,[73.5 62.5 61.5],[83.3 83.3 83.3],[156.8 145.8 144.8]
32180,[3154 3165 3166],3,65.83333333333333,73.5,83.29999999999927,83.29999999999927,149.13333333333262,156.79999999999927,[73.5 62.5 61.5],[83.3 83.3 83.3],[156.8 145.8 144.8]
32181,[],0,0.0,0.0,0.0,0.0,0.0,0.0,[],[],[]
32182,[],0,0.0,0.0,0.0,0.0,0.0,0.0,[],[],[]
32183,[],0,0.0,0.0,0.0,0.0,0.0,0.0,[],[],[]
32184,[],0,0.0,0.0,0.0,0.0,0.0,0.0,[],[],[]
32185,[],0,0.0,0.0,0.0,0.0,0.0,0.0,[],[],[]
32186,[],0,0.0,0.0,0.0,0.0,0.0,0.0,[],[],[]
32187,[3237],1,0.0,0.0,76.79999999999927,76.79999999999927,76.79999999999927,76.79999999999927,[0.],[76.8],[76.8]
32188,[],0,0.0,0.0,0.0,0.0,0.0,0.0,[],[],[]
32189,[],0,0.0,0.0,0.0,0.0,0.0,0.0,[],[],[]
32190,[3240],1,0.0,0.0,73.79999999999927,73.79999999999927,73.79999999999927,73.79999999999927,[0.],[73.8],[73.8]
32191,[],0,0.0,0.0,0.0,0.0,0.0,0.0,[],[],[]
32192,[],0,0.0,0.0,0.0,0.0,0.0,0.0,[],[],[]
32193,[],0,0.0,0.0,0.0,0.0,0.0,0.0,[],[],[]
32194,[],0,0.0,0.0,0.0,0.0,0.0,0.0,[],[],[]
32195,[],0,0.0,0.0,0.0,0.0,0.0,0.0,[],[],[]
32196,[],0,0.0,0.0,0.0,0.0,0.0,0.0,[],[],[]
32197,[],0,0.0,0.0,0.0,0.0,0.0,0.0,[],[],[]
32198,[],0,0.0,0.0,0.0,0.0,0.0,0.0,[],[],[]
32199,[],0,0.0,0.0,0.0,0.0,0.0,0.0,[],[],[]
32200,[],0,0.0,0.0,0.0,0.0,0.0,0.0,[],[],[]
32201,[],0,0.0,0.0,0.0,0.0,0.0,0.0,[],[],[]
32202,[],0,0.0,0.0,0.0,0.0,0.0,0.0,[],[],[]
32203,[],0,0.0,0.0,0.0,0.0,0.0,0.0,[],[],[]
32204,[],0,0.0,0.0,0.0,0.0,0.0,0.0,[],[],[]
32205,[],0,0.0,0.0,0.0,0.0,0.0,0.0,[],[],[]
32206,[],0,0.0,0.0,0.0,0.0,0.0,0.0,[],[],[]
32207,[],0,0.0,0.0,0.0,0.0,0.0,0.0,[],[],[]
32208,[],0,0.0,0.0,0.0,0.0,0.0,0.0,[],[],[]
32209,[],0,0.0,0.0,0.0,0.0,0.0,0.0,[],[],[]
32210,[],0,0.0,0.0,0.0,0.0,0.0,0.0,[],[],[]
32211,[],0,0.0,0.0,0.0,0.0,0.0,0.0,[],[],[]
32212,[],0,0.0,0.0,0.0,0.0,0.0,0.0,[],[],[]
32213,[3268],1,23.0,23.0,64.29999999999927,64.29999999999927,87.29999999999927,87.29999999999927,[23.],[64.3],[87.3]
32214,[3268],1,23.0,23.0,64.29999999999927,64.29999999999927,87.29999999999927,87.29999999999927,[23.],[64.3],[87.3]
32215,[3268],1,23.0,23.0,64.29999999999927,64.29999999999927,87.29999999999927,87.29999999999927,[23.],[64.3],[87.3]
32216,[3268],1,23.0,23.0,64.29999999999927,64.29999999999927,87.29999999999927,87.29999999999927,[23.],[64.3],[87.3]
32217,[3268],1,23.0,23.0,64.29999999999927,64.29999999999927,87.29999999999927,87.29999999999927,[23.],[64.3],[87.3]
32218,[3268],1,23.0,23.0,64.29999999999927,64.29999999999927,87.29999999999927,87.29999999999927,[23.],[64.3],[87.3]
32219,[3268],1,23.0,23.0,64.29999999999927,64.29999999999927,87.29999999999927,87.29999999999927,[23.],[64.3],[87.3]
32220,[3268 3276],2,14.100000000000364,23.0,51.44999999999891,64.29999999999927,65.54999999999927,87.29999999999927,[23.   5.2],[64.3 38.6],[87.3 43.8]
32221,[3268 3276],2,14.100000000000364,23.0,51.44999999999891,64.29999999999927,65.54999999999927,87.29999999999927,[23.   5.2],[64.3 38.6],[87.3 43.8]
32222,[3268 3276],2,14.100000000000364,23.0,51.44999999999891,64.29999999999927,65.54999999999927,87.29999999999927,[23.   5.2],[64.3 38.6],[87.3 43.8]
32223,[3268 3276],2,14.100000000000364,23.0,51.44999999999891,64.29999999999927,65.54999999999927,87.29999999999927,[23.   5.2],[64.3 38.6],[87.3 43.8]
32224,[3268 3276],2,14.100000000000364,23.0,51.44999999999891,64.29999999999927,65.54999999999927,87.29999999999927,[23.   5.2],[64.3 38.6],[87.3 43.8]
32225,[3268 3276],2,14.100000000000364,23.0,51.44999999999891,64.29999999999927,65.54999999999927,87.29999999999927,[23.   5.2],[64.3 38.6],[87.3 43.8]
32226,[3268],1,23.0,23.0,64.29999999999927,64.29999999999927,87.29999999999927,87.29999999999927,[23.],[64.3],[87.3]
32227,[3268],1,23.0,23.0,64.29999999999927,64.29999999999927,87.29999999999927,87.29999999999927,[23.],[64.3],[87.3]
32228,[3268],1,23.0,23.0,64.29999999999927,64.29999999999927,87.29999999999927,87.29999999999927,[23.],[64.3],[87.3]
32229,[3268],1,23.0,23.0,64.29999999999927,64.29999999999927,87.29999999999927,87.29999999999927,[23.],[64.3],[87.3]
32230,[3268],1,23.0,23.0,64.29999999999927,64.29999999999927,87.29999999999927,87.29999999999927,[23.],[64.3],[87.3]
32231,[3268],1,23.0,23.0,64.29999999999927,64.29999999999927,87.29999999999927,87.29999999999927,[23.],[64.3],[87.3]
32232,[3268],1,23.0,23.0,64.29999999999927,64.29999999999927,87.29999999999927,87.29999999999927,[23.],[64.3],[87.3]
32233,[3268],1,23.0,23.0,64.29999999999927,64.29999999999927,87.29999999999927,87.29999999999927,[23.],[64.3],[87.3]
32234,[3268],1,23.0,23.0,64.29999999999927,64.29999999999927,87.29999999999927,87.29999999999927,[23.],[64.3],[87.3]
32235,[3268],1,23.0,23.0,64.29999999999927,64.29999999999927,87.29999999999927,87.29999999999927,[23.],[64.3],[87.3]
32236,[3268],1,23.0,23.0,64.29999999999927,64.29999999999927,87.29999999999927,87.29999999999927,[23.],[64.3],[87.3]
32237,[],0,0.0,0.0,0.0,0.0,0.0,0.0,[],[],[]
32238,[],0,0.0,0.0,0.0,0.0,0.0,0.0,[],[],[]
32239,[],0,0.0,0.0,0.0,0.0,0.0,0.0,[],[],[]
32240,[],0,0.0,0.0,0.0,0.0,0.0,0.0,[],[],[]
32241,[],0,0.0,0.0,0.0,0.0,0.0,0.0,[],[],[]
32242,[],0,0.0,0.0,0.0,0.0,0.0,0.0,[],[],[]
32243,[],0,0.0,0.0,0.0,0.0,0.0,0.0,[],[],[]
32244,[],0,0.0,0.0,0.0,0.0,0.0,0.0,[],[],[]
32245,[],0,0.0,0.0,0.0,0.0,0.0,0.0,[],[],[]
32246,[],0,0.0,0.0,0.0,0.0,0.0,0.0,[],[],[]
32247,[],0,0.0,0.0,0.0,0.0,0.0,0.0,[],[],[]
32248,[],0,0.0,0.0,0.0,0.0,0.0,0.0,[],[],[]
32249,[],0,0.0,0.0,0.0,0.0,0.0,0.0,[],[],[]
32250,[],0,0.0,0.0,0.0,0.0,0.0,0.0,[],[],[]
32251,[],0,0.0,0.0,0.0,0.0,0.0,0.0,[],[],[]
32252,[],0,0.0,0.0,0.0,0.0,0.0,0.0,[],[],[]
32253,[],0,0.0,0.0,0.0,0.0,0.0,0.0,[],[],[]
32254,[],0,0.0,0.0,0.0,0.0,0.0,0.0,[],[],[]
32255,[],0,0.0,0.0,0.0,0.0,0.0,0.0,[],[],[]
32256,[],0,0.0,0.0,0.0,0.0,0.0,0.0,[],[],[]
32257,[],0,0.0,0.0,0.0,0.0,0.0,0.0,[],[],[]
32258,[],0,0.0,0.0,0.0,0.0,0.0,0.0,[],[],[]
32259,[],0,0.0,0.0,0.0,0.0,0.0,0.0,[],[],[]
32260,[],0,0.0,0.0,0.0,0.0,0.0,0.0,[],[],[]
32261,[],0,0.0,0.0,0.0,0.0,0.0,0.0,[],[],[]
32262,[],0,0.0,0.0,0.0,0.0,0.0,0.0,[],[],[]
32263,[],0,0.0,0.0,0.0,0.0,0.0,0.0,[],[],[]
32264,[],0,0.0,0.0,0.0,0.0,0.0,0.0,[],[],[]
32265,[],0,0.0,0.0,0.0,0.0,0.0,0.0,[],[],[]
32266,[],0,0.0,0.0,0.0,0.0,0.0,0.0,[],[],[]
32267,[],0,0.0,0.0,0.0,0.0,0.0,0.0,[],[],[]
32268,[],0,0.0,0.0,0.0,0.0,0.0,0.0,[],[],[]
32269,[],0,0.0,0.0,0.0,0.0,0.0,0.0,[],[],[]
32270,[],0,0.0,0.0,0.0,0.0,0.0,0.0,[],[],[]
32271,[],0,0.0,0.0,0.0,0.0,0.0,0.0,[],[],[]
32272,[],0,0.0,0.0,0.0,0.0,0.0,0.0,[],[],[]
32273,[],0,0.0,0.0,0.0,0.0,0.0,0.0,[],[],[]
32274,[],0,0.0,0.0,0.0,0.0,0.0,0.0,[],[],[]
32275,[],0,0.0,0.0,0.0,0.0,0.0,0.0,[],[],[]
32276,[],0,0.0,0.0,0.0,0.0,0.0,0.0,[],[],[]
32277,[],0,0.0,0.0,0.0,0.0,0.0,0.0,[],[],[]
32278,[],0,0.0,0.0,0.0,0.0,0.0,0.0,[],[],[]
32279,[],0,0.0,0.0,0.0,0.0,0.0,0.0,[],[],[]
32280,[],0,0.0,0.0,0.0,0.0,0.0,0.0,[],[],[]
32281,[],0,0.0,0.0,0.0,0.0,0.0,0.0,[],[],[]
32282,[],0,0.0,0.0,0.0,0.0,0.0,0.0,[],[],[]
32283,[],0,0.0,0.0,0.0,0.0,0.0,0.0,[],[],[]
32284,[],0,0.0,0.0,0.0,0.0,0.0,0.0,[],[],[]
32285,[],0,0.0,0.0,0.0,0.0,0.0,0.0,[],[],[]
32286,[],0,0.0,0.0,0.0,0.0,0.0,0.0,[],[],[]
32287,[],0,0.0,0.0,0.0,0.0,0.0,0.0,[],[],[]
32288,[],0,0.0,0.0,0.0,0.0,0.0,0.0,[],[],[]
32289,[],0,0.0,0.0,0.0,0.0,0.0,0.0,[],[],[]
32290,[],0,0.0,0.0,0.0,0.0,0.0,0.0,[],[],[]
32291,[],0,0.0,0.0,0.0,0.0,0.0,0.0,[],[],[]
32292,[],0,0.0,0.0,0.0,0.0,0.0,0.0,[],[],[]
32293,[],0,0.0,0.0,0.0,0.0,0.0,0.0,[],[],[]
32294,[],0,0.0,0.0,0.0,0.0,0.0,0.0,[],[],[]
32295,[],0,0.0,0.0,0.0,0.0,0.0,0.0,[],[],[]
32296,[],0,0.0,0.0,0.0,0.0,0.0,0.0,[],[],[]
32297,[],0,0.0,0.0,0.0,0.0,0.0,0.0,[],[],[]
32298,[],0,0.0,0.0,0.0,0.0,0.0,0.0,[],[],[]
32299,[],0,0.0,0.0,0.0,0.0,0.0,0.0,[],[],[]
32300,[],0,0.0,0.0,0.0,0.0,0.0,0.0,[],[],[]
32301,[3347],1,41.900000000001455,41.900000000001455,36.0,36.0,77.90000000000146,77.90000000000146,[41.9],[36.],[77.9]
32302,[3347],1,41.900000000001455,41.900000000001455,36.0,36.0,77.90000000000146,77.90000000000146,[41.9],[36.],[77.9]
32303,[3347],1,41.900000000001455,41.900000000001455,36.0,36.0,77.90000000000146,77.90000000000146,[41.9],[36.],[77.9]
32304,[3347],1,41.900000000001455,41.900000000001455,36.0,36.0,77.90000000000146,77.90000000000146,[41.9],[36.],[77.9]
32305,[3347],1,41.900000000001455,41.900000000001455,36.0,36.0,77.90000000000146,77.90000000000146,[41.9],[36.],[77.9]
32306,[3347],1,41.900000000001455,41.900000000001455,36.0,36.0,77.90000000000146,77.90000000000146,[41.9],[36.],[77.9]
32307,[3347],1,41.900000000001455,41.900000000001455,36.0,36.0,77.90000000000146,77.90000000000146,[41.9],[36.],[77.9]
32308,[3347 3352],2,24.150000000001455,41.900000000001455,48.29999999999927,60.599999999998545,72.45000000000073,77.90000000000146,[41.9  6.4],[36.  60.6],[77.9 67. ]
32309,[3347 3352],2,24.150000000001455,41.900000000001455,48.29999999999927,60.599999999998545,72.45000000000073,77.90000000000146,[41.9  6.4],[36.  60.6],[77.9 67. ]
32310,[3347 3352],2,24.150000000001455,41.900000000001455,48.29999999999927,60.599999999998545,72.45000000000073,77.90000000000146,[41.9  6.4],[36.  60.6],[77.9 67. ]
32311,[3347 3352],2,24.150000000001455,41.900000000001455,48.29999999999927,60.599999999998545,72.45000000000073,77.90000000000146,[41.9  6.4],[36.  60.6],[77.9 67. ]
32312,[3347 3352],2,24.150000000001455,41.900000000001455,48.29999999999927,60.599999999998545,72.45000000000073,77.90000000000146,[41.9  6.4],[36.  60.6],[77.9 67. ]
32313,[3347 3352],2,24.150000000001455,41.900000000001455,48.29999999999927,60.599999999998545,72.45000000000073,77.90000000000146,[41.9  6.4],[36.  60.6],[77.9 67. ]
32314,[3347 3352 3357],3,16.233333333334787,41.900000000001455,52.39999999999903,60.599999999998545,68.63333333333382,77.90000000000146,[41.9  6.4  0.4],[36.  60.6 60.6],[77.9 67.  61. ]
32315,[3347],1,41.900000000001455,41.900000000001455,36.0,36.0,77.90000000000146,77.90000000000146,[41.9],[36.],[77.9]
32316,[3347],1,41.900000000001455,41.900000000001455,36.0,36.0,77.90000000000146,77.90000000000146,[41.9],[36.],[77.9]
32317,[3347],1,41.900000000001455,41.900000000001455,36.0,36.0,77.90000000000146,77.90000000000146,[41.9],[36.],[77.9]
32318,[3347],1,41.900000000001455,41.900000000001455,36.0,36.0,77.90000000000146,77.90000000000146,[41.9],[36.],[77.9]
32319,[3347],1,41.900000000001455,41.900000000001455,36.0,36.0,77.90000000000146,77.90000000000146,[41.9],[36.],[77.9]
32320,[3347],1,41.900000000001455,41.900000000001455,36.0,36.0,77.90000000000146,77.90000000000146,[41.9],[36.],[77.9]
32321,[3347],1,41.900000000001455,41.900000000001455,36.0,36.0,77.90000000000146,77.90000000000146,[41.9],[36.],[77.9]
32322,[3347],1,41.900000000001455,41.900000000001455,36.0,36.0,77.90000000000146,77.90000000000146,[41.9],[36.],[77.9]
32323,[3347],1,41.900000000001455,41.900000000001455,36.0,36.0,77.90000000000146,77.90000000000146,[41.9],[36.],[77.9]
32324,[3347],1,41.900000000001455,41.900000000001455,36.0,36.0,77.90000000000146,77.90000000000146,[41.9],[36.],[77.9]
32325,[3347],1,41.900000000001455,41.900000000001455,36.0,36.0,77.90000000000146,77.90000000000146,[41.9],[36.],[77.9]
32326,[3347],1,41.900000000001455,41.900000000001455,36.0,36.0,77.90000000000146,77.90000000000146,[41.9],[36.],[77.9]
32327,[3347],1,41.900000000001455,41.900000000001455,36.0,36.0,77.90000000000146,77.90000000000146,[41.9],[36.],[77.9]
32328,[3347],1,41.900000000001455,41.900000000001455,36.0,36.0,77.90000000000146,77.90000000000146,[41.9],[36.],[77.9]
32329,[3347],1,41.900000000001455,41.900000000001455,36.0,36.0,77.90000000000146,77.90000000000146,[41.9],[36.],[77.9]
32330,[3347],1,41.900000000001455,41.900000000001455,36.0,36.0,77.90000000000146,77.90000000000146,[41.9],[36.],[77.9]
32331,[3347],1,41.900000000001455,41.900000000001455,36.0,36.0,77.90000000000146,77.90000000000146,[41.9],[36.],[77.9]
32332,[3347],1,41.900000000001455,41.900000000001455,36.0,36.0,77.90000000000146,77.90000000000146,[41.9],[36.],[77.9]
32333,[3347],1,41.900000000001455,41.900000000001455,36.0,36.0,77.90000000000146,77.90000000000146,[41.9],[36.],[77.9]
32334,[3347],1,41.900000000001455,41.900000000001455,36.0,36.0,77.90000000000146,77.90000000000146,[41.9],[36.],[77.9]
32335,[3347],1,41.900000000001455,41.900000000001455,36.0,36.0,77.90000000000146,77.90000000000146,[41.9],[36.],[77.9]
32336,[3347],1,41.900000000001455,41.900000000001455,36.0,36.0,77.90000000000146,77.90000000000146,[41.9],[36.],[77.9]
32337,[3347],1,41.900000000001455,41.900000000001455,36.0,36.0,77.90000000000146,77.90000000000146,[41.9],[36.],[77.9]
32338,[3347],1,41.900000000001455,41.900000000001455,36.0,36.0,77.90000000000146,77.90000000000146,[41.9],[36.],[77.9]
32339,[3347],1,41.900000000001455,41.900000000001455,36.0,36.0,77.90000000000146,77.90000000000146,[41.9],[36.],[77.9]
32340,[3347],1,41.900000000001455,41.900000000001455,36.0,36.0,77.90000000000146,77.90000000000146,[41.9],[36.],[77.9]
32341,[3347],1,41.900000000001455,41.900000000001455,36.0,36.0,77.90000000000146,77.90000000000146,[41.9],[36.],[77.9]
32342,[3347],1,41.900000000001455,41.900000000001455,36.0,36.0,77.90000000000146,77.90000000000146,[41.9],[36.],[77.9]
32343,[],0,0.0,0.0,0.0,0.0,0.0,0.0,[],[],[]
32344,[],0,0.0,0.0,0.0,0.0,0.0,0.0,[],[],[]
32345,[],0,0.0,0.0,0.0,0.0,0.0,0.0,[],[],[]
32346,[],0,0.0,0.0,0.0,0.0,0.0,0.0,[],[],[]
32347,[],0,0.0,0.0,0.0,0.0,0.0,0.0,[],[],[]
32348,[],0,0.0,0.0,0.0,0.0,0.0,0.0,[],[],[]
32349,[],0,0.0,0.0,0.0,0.0,0.0,0.0,[],[],[]
32350,[],0,0.0,0.0,0.0,0.0,0.0,0.0,[],[],[]
32351,[],0,0.0,0.0,0.0,0.0,0.0,0.0,[],[],[]
32352,[],0,0.0,0.0,0.0,0.0,0.0,0.0,[],[],[]
32353,[],0,0.0,0.0,0.0,0.0,0.0,0.0,[],[],[]
32354,[],0,0.0,0.0,0.0,0.0,0.0,0.0,[],[],[]
32355,[],0,0.0,0.0,0.0,0.0,0.0,0.0,[],[],[]
32356,[],0,0.0,0.0,0.0,0.0,0.0,0.0,[],[],[]
32357,[],0,0.0,0.0,0.0,0.0,0.0,0.0,[],[],[]
32358,[],0,0.0,0.0,0.0,0.0,0.0,0.0,[],[],[]
32359,[],0,0.0,0.0,0.0,0.0,0.0,0.0,[],[],[]
32360,[],0,0.0,0.0,0.0,0.0,0.0,0.0,[],[],[]
32361,[],0,0.0,0.0,0.0,0.0,0.0,0.0,[],[],[]
32362,[],0,0.0,0.0,0.0,0.0,0.0,0.0,[],[],[]
32363,[],0,0.0,0.0,0.0,0.0,0.0,0.0,[],[],[]
32364,[],0,0.0,0.0,0.0,0.0,0.0,0.0,[],[],[]
32365,[],0,0.0,0.0,0.0,0.0,0.0,0.0,[],[],[]
32366,[3398],1,82.20000000000073,82.20000000000073,67.20000000000073,67.20000000000073,149.40000000000146,149.40000000000146,[82.2],[67.2],[149.4]
32367,[3398],1,82.20000000000073,82.20000000000073,67.20000000000073,67.20000000000073,149.40000000000146,149.40000000000146,[82.2],[67.2],[149.4]
32368,[3398],1,82.20000000000073,82.20000000000073,67.20000000000073,67.20000000000073,149.40000000000146,149.40000000000146,[82.2],[67.2],[149.4]
32369,[3398],1,82.20000000000073,82.20000000000073,67.20000000000073,67.20000000000073,149.40000000000146,149.40000000000146,[82.2],[67.2],[149.4]
32370,[3398],1,82.20000000000073,82.20000000000073,67.20000000000073,67.20000000000073,149.40000000000146,149.40000000000146,[82.2],[67.2],[149.4]
32371,[3398],1,82.20000000000073,82.20000000000073,67.20000000000073,67.20000000000073,149.40000000000146,149.40000000000146,[82.2],[67.2],[149.4]
32372,[3398],1,82.20000000000073,82.20000000000073,67.20000000000073,67.20000000000073,149.40000000000146,149.40000000000146,[82.2],[67.2],[149.4]
32373,[3398],1,82.20000000000073,82.20000000000073,67.20000000000073,67.20000000000073,149.40000000000146,149.40000000000146,[82.2],[67.2],[149.4]
32374,[3398],1,82.20000000000073,82.20000000000073,67.20000000000073,67.20000000000073,149.40000000000146,149.40000000000146,[82.2],[67.2],[149.4]
32375,[3398],1,82.20000000000073,82.20000000000073,67.20000000000073,67.20000000000073,149.40000000000146,149.40000000000146,[82.2],[67.2],[149.4]
32376,[3398],1,82.20000000000073,82.20000000000073,67.20000000000073,67.20000000000073,149.40000000000146,149.40000000000146,[82.2],[67.2],[149.4]
32377,[3398],1,82.20000000000073,82.20000000000073,67.20000000000073,67.20000000000073,149.40000000000146,149.40000000000146,[82.2],[67.2],[149.4]
32378,[3398],1,82.20000000000073,82.20000000000073,67.20000000000073,67.20000000000073,149.40000000000146,149.40000000000146,[82.2],[67.2],[149.4]
32379,[3398],1,82.20000000000073,82.20000000000073,67.20000000000073,67.20000000000073,149.40000000000146,149.40000000000146,[82.2],[67.2],[149.4]
32380,[3398],1,82.20000000000073,82.20000000000073,67.20000000000073,67.20000000000073,149.40000000000146,149.40000000000146,[82.2],[67.2],[149.4]
32381,[3398],1,82.20000000000073,82.20000000000073,67.20000000000073,67.20000000000073,149.40000000000146,149.40000000000146,[82.2],[67.2],[149.4]
32382,[3398],1,82.20000000000073,82.20000000000073,67.20000000000073,67.20000000000073,149.40000000000146,149.40000000000146,[82.2],[67.2],[149.4]
32383,[3398],1,82.20000000000073,82.20000000000073,67.20000000000073,67.20000000000073,149.40000000000146,149.40000000000146,[82.2],[67.2],[149.4]
32384,[3398],1,82.20000000000073,82.20000000000073,67.20000000000073,67.20000000000073,149.40000000000146,149.40000000000146,[82.2],[67.2],[149.4]
32385,[3398],1,82.20000000000073,82.20000000000073,67.20000000000073,67.20000000000073,149.40000000000146,149.40000000000146,[82.2],[67.2],[149.4]
32386,[3398 3414],2,72.20000000000073,82.20000000000073,67.20000000000073,67.20000000000073,139.40000000000146,149.40000000000146,[82.2 62.2],[67.2 67.2],[149.4 129.4]
32387,[3398 3414],2,72.20000000000073,82.20000000000073,67.20000000000073,67.20000000000073,139.40000000000146,149.40000000000146,[82.2 62.2],[67.2 67.2],[149.4 129.4]
32388,[3398 3414],2,72.20000000000073,82.20000000000073,67.20000000000073,67.20000000000073,139.40000000000146,149.40000000000146,[82.2 62.2],[67.2 67.2],[149.4 129.4]
32389,[3398 3414],2,72.20000000000073,82.20000000000073,67.20000000000073,67.20000000000073,139.40000000000146,149.40000000000146,[82.2 62.2],[67.2 67.2],[149.4 129.4]
32390,[3398 3414],2,72.20000000000073,82.20000000000073,67.20000000000073,67.20000000000073,139.40000000000146,149.40000000000146,[82.2 62.2],[67.2 67.2],[149.4 129.4]
32391,[3398 3414],2,72.20000000000073,82.20000000000073,67.20000000000073,67.20000000000073,139.40000000000146,149.40000000000146,[82.2 62.2],[67.2 67.2],[149.4 129.4]
32392,[3398 3414],2,72.20000000000073,82.20000000000073,67.20000000000073,67.20000000000073,139.40000000000146,149.40000000000146,[82.2 62.2],[67.2 67.2],[149.4 129.4]
32393,[3398 3414],2,72.20000000000073,82.20000000000073,67.20000000000073,67.20000000000073,139.40000000000146,149.40000000000146,[82.2 62.2],[67.2 67.2],[149.4 129.4]
32394,[3398 3414],2,72.20000000000073,82.20000000000073,67.20000000000073,67.20000000000073,139.40000000000146,149.40000000000146,[82.2 62.2],[67.2 67.2],[149.4 129.4]
32395,[3398 3414],2,72.20000000000073,82.20000000000073,67.20000000000073,67.20000000000073,139.40000000000146,149.40000000000146,[82.2 62.2],[67.2 67.2],[149.4 129.4]
32396,[3398 3414],2,72.20000000000073,82.20000000000073,67.20000000000073,67.20000000000073,139.40000000000146,149.40000000000146,[82.2 62.2],[67.2 67.2],[149.4 129.4]
32397,[3398 3414],2,72.20000000000073,82.20000000000073,67.20000000000073,67.20000000000073,139.40000000000146,149.40000000000146,[82.2 62.2],[67.2 67.2],[149.4 129.4]
32398,[3398 3414],2,72.20000000000073,82.20000000000073,67.20000000000073,67.20000000000073,139.40000000000146,149.40000000000146,[82.2 62.2],[67.2 67.2],[149.4 129.4]
32399,[3398 3414],2,72.20000000000073,82.20000000000073,67.20000000000073,67.20000000000073,139.40000000000146,149.40000000000146,[82.2 62.2],[67.2 67.2],[149.4 129.4]
32400,[3398 3414],2,72.20000000000073,82.20000000000073,67.20000000000073,67.20000000000073,139.40000000000146,149.40000000000146,[82.2 62.2],[67.2 67.2],[149.4 129.4]
32401,[3398 3414],2,72.20000000000073,82.20000000000073,67.20000000000073,67.20000000000073,139.40000000000146,149.40000000000146,[82.2 62.2],[67.2 67.2],[149.4 129.4]
32402,[3398 3414],2,72.20000000000073,82.20000000000073,67.20000000000073,67.20000000000073,139.40000000000146,149.40000000000146,[82.2 62.2],[67.2 67.2],[149.4 129.4]
32403,[3398 3414],2,72.20000000000073,82.20000000000073,67.20000000000073,67.20000000000073,139.40000000000146,149.40000000000146,[82.2 62.2],[67.2 67.2],[149.4 129.4]
32404,[3398 3414],2,72.20000000000073,82.20000000000073,67.20000000000073,67.20000000000073,139.40000000000146,149.40000000000146,[82.2 62.2],[67.2 67.2],[149.4 129.4]
32405,[3398 3414],2,72.20000000000073,82.20000000000073,67.20000000000073,67.20000000000073,139.40000000000146,149.40000000000146,[82.2 62.2],[67.2 67.2],[149.4 129.4]
32406,[3398 3414],2,72.20000000000073,82.20000000000073,67.20000000000073,67.20000000000073,139.40000000000146,149.40000000000146,[82.2 62.2],[67.2 67.2],[149.4 129.4]
32407,[3398 3414],2,72.20000000000073,82.20000000000073,67.20000000000073,67.20000000000073,139.40000000000146,149.40000000000146,[82.2 62.2],[67.2 67.2],[149.4 129.4]
32408,[3398 3414],2,72.20000000000073,82.20000000000073,67.20000000000073,67.20000000000073,139.40000000000146,149.40000000000146,[82.2 62.2],[67.2 67.2],[149.4 129.4]
32409,[3398 3414],2,72.20000000000073,82.20000000000073,67.20000000000073,67.20000000000073,139.40000000000146,149.40000000000146,[82.2 62.2],[67.2 67.2],[149.4 129.4]
32410,[3398 3414 3437],3,60.86666666666739,82.20000000000073,67.20000000000073,67.20000000000073,128.0666666666681,149.40000000000146,[82.2 62.2 38.2],[67.2 67.2 67.2],[149.4 129.4 105.4]
32411,[3398 3414 3437],3,60.86666666666739,82.20000000000073,67.20000000000073,67.20000000000073,128.0666666666681,149.40000000000146,[82.2 62.2 38.2],[67.2 67.2 67.2],[149.4 129.4 105.4]
32412,[3398 3414 3437],3,60.86666666666739,82.20000000000073,67.20000000000073,67.20000000000073,128.0666666666681,149.40000000000146,[82.2 62.2 38.2],[67.2 67.2 67.2],[149.4 129.4 105.4]
32413,[3398 3414 3437],3,60.86666666666739,82.20000000000073,67.20000000000073,67.20000000000073,128.0666666666681,149.40000000000146,[82.2 62.2 38.2],[67.2 67.2 67.2],[149.4 129.4 105.4]
32414,[3398 3414 3437],3,60.86666666666739,82.20000000000073,67.20000000000073,67.20000000000073,128.0666666666681,149.40000000000146,[82.2 62.2 38.2],[67.2 67.2 67.2],[149.4 129.4 105.4]
32415,[3398 3414 3437],3,60.86666666666739,82.20000000000073,67.20000000000073,67.20000000000073,128.0666666666681,149.40000000000146,[82.2 62.2 38.2],[67.2 67.2 67.2],[149.4 129.4 105.4]
32416,[3398 3414 3437],3,60.86666666666739,82.20000000000073,67.20000000000073,67.20000000000073,128.0666666666681,149.40000000000146,[82.2 62.2 38.2],[67.2 67.2 67.2],[149.4 129.4 105.4]
32417,[3398 3414 3437],3,60.86666666666739,82.20000000000073,67.20000000000073,67.20000000000073,128.0666666666681,149.40000000000146,[82.2 62.2 38.2],[67.2 67.2 67.2],[149.4 129.4 105.4]
32418,[3398 3414 3437],3,60.86666666666739,82.20000000000073,67.20000000000073,67.20000000000073,128.0666666666681,149.40000000000146,[82.2 62.2 38.2],[67.2 67.2 67.2],[149.4 129.4 105.4]
32419,[3398 3414 3437],3,60.86666666666739,82.20000000000073,67.20000000000073,67.20000000000073,128.0666666666681,149.40000000000146,[82.2 62.2 38.2],[67.2 67.2 67.2],[149.4 129.4 105.4]
32420,[3398 3414 3437],3,60.86666666666739,82.20000000000073,67.20000000000073,67.20000000000073,128.0666666666681,149.40000000000146,[82.2 62.2 38.2],[67.2 67.2 67.2],[149.4 129.4 105.4]
32421,[3398 3414 3437],3,60.86666666666739,82.20000000000073,67.20000000000073,67.20000000000073,128.0666666666681,149.40000000000146,[82.2 62.2 38.2],[67.2 67.2 67.2],[149.4 129.4 105.4]
32422,[3398 3414 3437],3,60.86666666666739,82.20000000000073,67.20000000000073,67.20000000000073,128.0666666666681,149.40000000000146,[82.2 62.2 38.2],[67.2 67.2 67.2],[149.4 129.4 105.4]
32423,[3398 3414 3437],3,60.86666666666739,82.20000000000073,67.20000000000073,67.20000000000073,128.0666666666681,149.40000000000146,[82.2 62.2 38.2],[67.2 67.2 67.2],[149.4 129.4 105.4]
32424,[3398 3414 3437],3,60.86666666666739,82.20000000000073,67.20000000000073,67.20000000000073,128.0666666666681,149.40000000000146,[82.2 62.2 38.2],[67.2 67.2 67.2],[149.4 129.4 105.4]
32425,[3398 3414 3437],3,60.86666666666739,82.20000000000073,67.20000000000073,67.20000000000073,128.0666666666681,149.40000000000146,[82.2 62.2 38.2],[67.2 67.2 67.2],[149.4 129.4 105.4]
32426,[3398 3414 3437],3,60.86666666666739,82.20000000000073,67.20000000000073,67.20000000000073,128.0666666666681,149.40000000000146,[82.2 62.2 38.2],[67.2 67.2 67.2],[149.4 129.4 105.4]
32427,[3398 3414 3437],3,60.86666666666739,82.20000000000073,67.20000000000073,67.20000000000073,128.0666666666681,149.40000000000146,[82.2 62.2 38.2],[67.2 67.2 67.2],[149.4 129.4 105.4]
32428,[3398 3414 3437],3,60.86666666666739,82.20000000000073,67.20000000000073,67.20000000000073,128.0666666666681,149.40000000000146,[82.2 62.2 38.2],[67.2 67.2 67.2],[149.4 129.4 105.4]
32429,[3398 3414 3437],3,60.86666666666739,82.20000000000073,67.20000000000073,67.20000000000073,128.0666666666681,149.40000000000146,[82.2 62.2 38.2],[67.2 67.2 67.2],[149.4 129.4 105.4]
32430,[3398 3414 3437],3,60.86666666666739,82.20000000000073,67.20000000000073,67.20000000000073,128.0666666666681,149.40000000000146,[82.2 62.2 38.2],[67.2 67.2 67.2],[149.4 129.4 105.4]
32431,[3398 3414 3437],3,60.86666666666739,82.20000000000073,67.20000000000073,67.20000000000073,128.0666666666681,149.40000000000146,[82.2 62.2 38.2],[67.2 67.2 67.2],[149.4 129.4 105.4]
32432,[3398 3414 3437 3461],4,49.70000000000073,82.20000000000073,67.20000000000073,67.20000000000073,116.90000000000146,149.40000000000146,[82.2 62.2 38.2 16.2],[67.2 67.2 67.2 67.2],[149.4 129.4 105.4  83.4]
32433,[3398 3414 3437 3461],4,49.70000000000073,82.20000000000073,67.20000000000073,67.20000000000073,116.90000000000146,149.40000000000146,[82.2 62.2 38.2 16.2],[67.2 67.2 67.2 67.2],[149.4 129.4 105.4  83.4]
32434,[3398 3414 3437 3461],4,49.70000000000073,82.20000000000073,67.20000000000073,67.20000000000073,116.90000000000146,149.40000000000146,[82.2 62.2 38.2 16.2],[67.2 67.2 67.2 67.2],[149.4 129.4 105.4  83.4]
32435,[3398 3414 3437 3461],4,49.70000000000073,82.20000000000073,67.20000000000073,67.20000000000073,116.90000000000146,149.40000000000146,[82.2 62.2 38.2 16.2],[67.2 67.2 67.2 67.2],[149.4 129.4 105.4  83.4]
32436,[3398 3414 3437 3461],4,49.70000000000073,82.20000000000073,67.20000000000073,67.20000000000073,116.90000000000146,149.40000000000146,[82.2 62.2 38.2 16.2],[67.2 67.2 67.2 67.2],[149.4 129.4 105.4  83.4]
32437,[3398 3414 3437 3461],4,49.70000000000073,82.20000000000073,67.20000000000073,67.20000000000073,116.90000000000146,149.40000000000146,[82.2 62.2 38.2 16.2],[67.2 67.2 67.2 67.2],[149.4 129.4 105.4  83.4]
32438,[3398 3414 3437 3461],4,49.70000000000073,82.20000000000073,67.20000000000073,67.20000000000073,116.90000000000146,149.40000000000146,[82.2 62.2 38.2 16.2],[67.2 67.2 67.2 67.2],[149.4 129.4 105.4  83.4]
32439,[3398 3414 3437 3461],4,49.70000000000073,82.20000000000073,67.20000000000073,67.20000000000073,116.90000000000146,149.40000000000146,[82.2 62.2 38.2 16.2],[67.2 67.2 67.2 67.2],[149.4 129.4 105.4  83.4]
32440,[3398 3414 3437 3461],4,49.70000000000073,82.20000000000073,67.20000000000073,67.20000000000073,116.90000000000146,149.40000000000146,[82.2 62.2 38.2 16.2],[67.2 67.2 67.2 67.2],[149.4 129.4 105.4  83.4]
32441,[3398 3414 3437 3461],4,49.70000000000073,82.20000000000073,67.20000000000073,67.20000000000073,116.90000000000146,149.40000000000146,[82.2 62.2 38.2 16.2],[67.2 67.2 67.2 67.2],[149.4 129.4 105.4  83.4]
32442,[3398 3414 3437 3461],4,49.70000000000073,82.20000000000073,67.20000000000073,67.20000000000073,116.90000000000146,149.40000000000146,[82.2 62.2 38.2 16.2],[67.2 67.2 67.2 67.2],[149.4 129.4 105.4  83.4]
32443,[3398 3414 3437 3461],4,49.70000000000073,82.20000000000073,67.20000000000073,67.20000000000073,116.90000000000146,149.40000000000146,[82.2 62.2 38.2 16.2],[67.2 67.2 67.2 67.2],[149.4 129.4 105.4  83.4]
32444,[3398 3414 3437 3461],4,49.70000000000073,82.20000000000073,67.20000000000073,67.20000000000073,116.90000000000146,149.40000000000146,[82.2 62.2 38.2 16.2],[67.2 67.2 67.2 67.2],[149.4 129.4 105.4  83.4]
32445,[3398 3414 3437 3461],4,49.70000000000073,82.20000000000073,67.20000000000073,67.20000000000073,116.90000000000146,149.40000000000146,[82.2 62.2 38.2 16.2],[67.2 67.2 67.2 67.2],[149.4 129.4 105.4  83.4]
32446,[3398 3414 3437 3461],4,49.70000000000073,82.20000000000073,67.20000000000073,67.20000000000073,116.90000000000146,149.40000000000146,[82.2 62.2 38.2 16.2],[67.2 67.2 67.2 67.2],[149.4 129.4 105.4  83.4]
32447,[3398 3414 3437 3461],4,49.70000000000073,82.20000000000073,67.20000000000073,67.20000000000073,116.90000000000146,149.40000000000146,[82.2 62.2 38.2 16.2],[67.2 67.2 67.2 67.2],[149.4 129.4 105.4  83.4]
32448,[3398 3414 3437 3461],4,49.70000000000073,82.20000000000073,67.20000000000073,67.20000000000073,116.90000000000146,149.40000000000146,[82.2 62.2 38.2 16.2],[67.2 67.2 67.2 67.2],[149.4 129.4 105.4  83.4]
32449,[],0,0.0,0.0,0.0,0.0,0.0,0.0,[],[],[]
32450,[],0,0.0,0.0,0.0,0.0,0.0,0.0,[],[],[]
32451,[],0,0.0,0.0,0.0,0.0,0.0,0.0,[],[],[]
32452,[],0,0.0,0.0,0.0,0.0,0.0,0.0,[],[],[]
32453,[],0,0.0,0.0,0.0,0.0,0.0,0.0,[],[],[]
32454,[],0,0.0,0.0,0.0,0.0,0.0,0.0,[],[],[]
32455,[],0,0.0,0.0,0.0,0.0,0.0,0.0,[],[],[]
32456,[],0,0.0,0.0,0.0,0.0,0.0,0.0,[],[],[]
32457,[],0,0.0,0.0,0.0,0.0,0.0,0.0,[],[],[]
32458,[],0,0.0,0.0,0.0,0.0,0.0,0.0,[],[],[]
32459,[],0,0.0,0.0,0.0,0.0,0.0,0.0,[],[],[]
32460,[],0,0.0,0.0,0.0,0.0,0.0,0.0,[],[],[]
32461,[],0,0.0,0.0,0.0,0.0,0.0,0.0,[],[],[]
32462,[],0,0.0,0.0,0.0,0.0,0.0,0.0,[],[],[]
32463,[],0,0.0,0.0,0.0,0.0,0.0,0.0,[],[],[]
32464,[],0,0.0,0.0,0.0,0.0,0.0,0.0,[],[],[]
32465,[],0,0.0,0.0,0.0,0.0,0.0,0.0,[],[],[]
32466,[],0,0.0,0.0,0.0,0.0,0.0,0.0,[],[],[]
32467,[],0,0.0,0.0,0.0,0.0,0.0,0.0,[],[],[]
32468,[],0,0.0,0.0,0.0,0.0,0.0,0.0,[],[],[]
32469,[],0,0.0,0.0,0.0,0.0,0.0,0.0,[],[],[]
32470,[],0,0.0,0.0,0.0,0.0,0.0,0.0,[],[],[]
32471,[],0,0.0,0.0,0.0,0.0,0.0,0.0,[],[],[]
32472,[],0,0.0,0.0,0.0,0.0,0.0,0.0,[],[],[]
32473,[],0,0.0,0.0,0.0,0.0,0.0,0.0,[],[],[]
32474,[],0,0.0,0.0,0.0,0.0,0.0,0.0,[],[],[]
32475,[],0,0.0,0.0,0.0,0.0,0.0,0.0,[],[],[]
32476,[],0,0.0,0.0,0.0,0.0,0.0,0.0,[],[],[]
32477,[],0,0.0,0.0,0.0,0.0,0.0,0.0,[],[],[]
32478,[3511],1,1.7999999999992724,1.7999999999992724,107.79999999999927,107.79999999999927,109.59999999999854,109.59999999999854,[1.8],[107.8],[109.6]
32479,[3511],1,1.7999999999992724,1.7999999999992724,107.79999999999927,107.79999999999927,109.59999999999854,109.59999999999854,[1.8],[107.8],[109.6]
32480,[],0,0.0,0.0,0.0,0.0,0.0,0.0,[],[],[]
32481,[],0,0.0,0.0,0.0,0.0,0.0,0.0,[],[],[]
32482,[3516],1,81.20000000000073,81.20000000000073,25.0,25.0,106.20000000000073,106.20000000000073,[81.2],[25.],[106.2]
32483,[3516],1,81.20000000000073,81.20000000000073,25.0,25.0,106.20000000000073,106.20000000000073,[81.2],[25.],[106.2]
32484,[3516 3517],2,40.600000000000364,81.20000000000073,64.29999999999927,103.59999999999854,104.89999999999964,106.20000000000073,[81.2  0. ],[ 25.  103.6],[106.2 103.6]
32485,[3516],1,81.20000000000073,81.20000000000073,25.0,25.0,106.20000000000073,106.20000000000073,[81.2],[25.],[106.2]
32486,[3516],1,81.20000000000073,81.20000000000073,25.0,25.0,106.20000000000073,106.20000000000073,[81.2],[25.],[106.2]
32487,[3516],1,81.20000000000073,81.20000000000073,25.0,25.0,106.20000000000073,106.20000000000073,[81.2],[25.],[106.2]
32488,[3516],1,81.20000000000073,81.20000000000073,25.0,25.0,106.20000000000073,106.20000000000073,[81.2],[25.],[106.2]
32489,[3516],1,81.20000000000073,81.20000000000073,25.0,25.0,106.20000000000073,106.20000000000073,[81.2],[25.],[106.2]
32490,[3516],1,81.20000000000073,81.20000000000073,25.0,25.0,106.20000000000073,106.20000000000073,[81.2],[25.],[106.2]
32491,[3516],1,81.20000000000073,81.20000000000073,25.0,25.0,106.20000000000073,106.20000000000073,[81.2],[25.],[106.2]
32492,[3516 3525],2,85.60000000000036,90.0,34.54999999999927,44.099999999998545,120.14999999999964,134.09999999999854,[81.2 90. ],[25.  44.1],[106.2 134.1]
32493,[3516 3525],2,85.60000000000036,90.0,34.54999999999927,44.099999999998545,120.14999999999964,134.09999999999854,[81.2 90. ],[25.  44.1],[106.2 134.1]
32494,[3516 3525],2,85.60000000000036,90.0,34.54999999999927,44.099999999998545,120.14999999999964,134.09999999999854,[81.2 90. ],[25.  44.1],[106.2 134.1]
32495,[3516 3525],2,85.60000000000036,90.0,34.54999999999927,44.099999999998545,120.14999999999964,134.09999999999854,[81.2 90. ],[25.  44.1],[106.2 134.1]
32496,[3516 3525],2,85.60000000000036,90.0,34.54999999999927,44.099999999998545,120.14999999999964,134.09999999999854,[81.2 90. ],[25.  44.1],[106.2 134.1]
32497,[3516 3525],2,85.60000000000036,90.0,34.54999999999927,44.099999999998545,120.14999999999964,134.09999999999854,[81.2 90. ],[25.  44.1],[106.2 134.1]
32498,[3516 3525],2,85.60000000000036,90.0,34.54999999999927,44.099999999998545,120.14999999999964,134.09999999999854,[81.2 90. ],[25.  44.1],[106.2 134.1]
32499,[3516 3525],2,85.60000000000036,90.0,34.54999999999927,44.099999999998545,120.14999999999964,134.09999999999854,[81.2 90. ],[25.  44.1],[106.2 134.1]
32500,[3516 3525],2,85.60000000000036,90.0,34.54999999999927,44.099999999998545,120.14999999999964,134.09999999999854,[81.2 90. ],[25.  44.1],[106.2 134.1]
32501,[3516 3525 3536],3,84.0666666666669,90.0,37.73333333333236,44.099999999998545,121.79999999999927,134.09999999999854,[81.2 90.  81. ],[25.  44.1 44.1],[106.2 134.1 125.1]
32502,[3516 3525 3536],3,84.0666666666669,90.0,37.73333333333236,44.099999999998545,121.79999999999927,134.09999999999854,[81.2 90.  81. ],[25.  44.1 44.1],[106.2 134.1 125.1]
32503,[3516 3525 3536 3538],4,82.80000000000018,90.0,39.32499999999891,44.099999999998545,122.12499999999909,134.09999999999854,[81.2 90.  81.  79. ],[25.  44.1 44.1 44.1],[106.2 134.1 125.1 123.1]
32504,[3516 3525 3536 3538],4,82.80000000000018,90.0,39.32499999999891,44.099999999998545,122.12499999999909,134.09999999999854,[81.2 90.  81.  79. ],[25.  44.1 44.1 44.1],[106.2 134.1 125.1 123.1]
32505,[3516 3525 3536 3538],4,82.80000000000018,90.0,39.32499999999891,44.099999999998545,122.12499999999909,134.09999999999854,[81.2 90.  81.  79. ],[25.  44.1 44.1 44.1],[106.2 134.1 125.1 123.1]
32506,[3516 3525 3536 3538],4,82.80000000000018,90.0,39.32499999999891,44.099999999998545,122.12499999999909,134.09999999999854,[81.2 90.  81.  79. ],[25.  44.1 44.1 44.1],[106.2 134.1 125.1 123.1]
32507,[3516 3525 3536 3538],4,82.80000000000018,90.0,39.32499999999891,44.099999999998545,122.12499999999909,134.09999999999854,[81.2 90.  81.  79. ],[25.  44.1 44.1 44.1],[106.2 134.1 125.1 123.1]
32508,[3516 3525 3536 3538],4,82.80000000000018,90.0,39.32499999999891,44.099999999998545,122.12499999999909,134.09999999999854,[81.2 90.  81.  79. ],[25.  44.1 44.1 44.1],[106.2 134.1 125.1 123.1]
32509,[3516 3525 3536 3538],4,82.80000000000018,90.0,39.32499999999891,44.099999999998545,122.12499999999909,134.09999999999854,[81.2 90.  81.  79. ],[25.  44.1 44.1 44.1],[106.2 134.1 125.1 123.1]
32510,[3516 3525 3536 3538],4,82.80000000000018,90.0,39.32499999999891,44.099999999998545,122.12499999999909,134.09999999999854,[81.2 90.  81.  79. ],[25.  44.1 44.1 44.1],[106.2 134.1 125.1 123.1]
32511,[3516 3525 3536 3538],4,82.80000000000018,90.0,39.32499999999891,44.099999999998545,122.12499999999909,134.09999999999854,[81.2 90.  81.  79. ],[25.  44.1 44.1 44.1],[106.2 134.1 125.1 123.1]
32512,[3516 3525 3536 3538],4,82.80000000000018,90.0,39.32499999999891,44.099999999998545,122.12499999999909,134.09999999999854,[81.2 90.  81.  79. ],[25.  44.1 44.1 44.1],[106.2 134.1 125.1 123.1]
32513,[3516 3525 3536 3538],4,82.80000000000018,90.0,39.32499999999891,44.099999999998545,122.12499999999909,134.09999999999854,[81.2 90.  81.  79. ],[25.  44.1 44.1 44.1],[106.2 134.1 125.1 123.1]
32514,[3516 3525 3536 3538],4,82.80000000000018,90.0,39.32499999999891,44.099999999998545,122.12499999999909,134.09999999999854,[81.2 90.  81.  79. ],[25.  44.1 44.1 44.1],[106.2 134.1 125.1 123.1]
32515,[3516 3525 3536 3538],4,82.80000000000018,90.0,39.32499999999891,44.099999999998545,122.12499999999909,134.09999999999854,[81.2 90.  81.  79. ],[25.  44.1 44.1 44.1],[106.2 134.1 125.1 123.1]
32516,[3516 3525 3536 3538],4,82.80000000000018,90.0,39.32499999999891,44.099999999998545,122.12499999999909,134.09999999999854,[81.2 90.  81.  79. ],[25.  44.1 44.1 44.1],[106.2 134.1 125.1 123.1]
32517,[3516 3525 3536 3538],4,82.80000000000018,90.0,39.32499999999891,44.099999999998545,122.12499999999909,134.09999999999854,[81.2 90.  81.  79. ],[25.  44.1 44.1 44.1],[106.2 134.1 125.1 123.1]
32518,[3516 3525 3536 3538],4,82.80000000000018,90.0,39.32499999999891,44.099999999998545,122.12499999999909,134.09999999999854,[81.2 90.  81.  79. ],[25.  44.1 44.1 44.1],[106.2 134.1 125.1 123.1]
32519,[3516 3525 3536 3538],4,82.80000000000018,90.0,39.32499999999891,44.099999999998545,122.12499999999909,134.09999999999854,[81.2 90.  81.  79. ],[25.  44.1 44.1 44.1],[106.2 134.1 125.1 123.1]
32520,[3516 3525 3536 3538],4,82.80000000000018,90.0,39.32499999999891,44.099999999998545,122.12499999999909,134.09999999999854,[81.2 90.  81.  79. ],[25.  44.1 44.1 44.1],[106.2 134.1 125.1 123.1]
32521,[3516 3525 3536 3538],4,82.80000000000018,90.0,39.32499999999891,44.099999999998545,122.12499999999909,134.09999999999854,[81.2 90.  81.  79. ],[25.  44.1 44.1 44.1],[106.2 134.1 125.1 123.1]
32522,[3516 3525 3536 3538],4,82.80000000000018,90.0,39.32499999999891,44.099999999998545,122.12499999999909,134.09999999999854,[81.2 90.  81.  79. ],[25.  44.1 44.1 44.1],[106.2 134.1 125.1 123.1]
32523,[3516 3525 3536 3538],4,82.80000000000018,90.0,39.32499999999891,44.099999999998545,122.12499999999909,134.09999999999854,[81.2 90.  81.  79. ],[25.  44.1 44.1 44.1],[106.2 134.1 125.1 123.1]
32524,[3516 3525 3536 3538],4,82.80000000000018,90.0,39.32499999999891,44.099999999998545,122.12499999999909,134.09999999999854,[81.2 90.  81.  79. ],[25.  44.1 44.1 44.1],[106.2 134.1 125.1 123.1]
32525,[3516 3525 3536 3538],4,82.80000000000018,90.0,39.32499999999891,44.099999999998545,122.12499999999909,134.09999999999854,[81.2 90.  81.  79. ],[25.  44.1 44.1 44.1],[106.2 134.1 125.1 123.1]
32526,[3516 3525 3536 3538],4,82.80000000000018,90.0,39.32499999999891,44.099999999998545,122.12499999999909,134.09999999999854,[81.2 90.  81.  79. ],[25.  44.1 44.1 44.1],[106.2 134.1 125.1 123.1]
32527,[3516 3525 3536 3538],4,82.80000000000018,90.0,39.32499999999891,44.099999999998545,122.12499999999909,134.09999999999854,[81.2 90.  81.  79. ],[25.  44.1 44.1 44.1],[106.2 134.1 125.1 123.1]
32528,[3516 3525 3536 3538],4,82.80000000000018,90.0,39.32499999999891,44.099999999998545,122.12499999999909,134.09999999999854,[81.2 90.  81.  79. ],[25.  44.1 44.1 44.1],[106.2 134.1 125.1 123.1]
32529,[3516 3525 3536 3538],4,82.80000000000018,90.0,39.32499999999891,44.099999999998545,122.12499999999909,134.09999999999854,[81.2 90.  81.  79. ],[25.  44.1 44.1 44.1],[106.2 134.1 125.1 123.1]
32530,[3516 3525 3536 3538],4,82.80000000000018,90.0,39.32499999999891,44.099999999998545,122.12499999999909,134.09999999999854,[81.2 90.  81.  79. ],[25.  44.1 44.1 44.1],[106.2 134.1 125.1 123.1]
32531,[3516 3525 3536 3538],4,82.80000000000018,90.0,39.32499999999891,44.099999999998545,122.12499999999909,134.09999999999854,[81.2 90.  81.  79. ],[25.  44.1 44.1 44.1],[106.2 134.1 125.1 123.1]
32532,[3516 3525 3536 3538],4,82.80000000000018,90.0,39.32499999999891,44.099999999998545,122.12499999999909,134.09999999999854,[81.2 90.  81.  79. ],[25.  44.1 44.1 44.1],[106.2 134.1 125.1 123.1]
32533,[3516 3525 3536 3538],4,82.80000000000018,90.0,39.32499999999891,44.099999999998545,122.12499999999909,134.09999999999854,[81.2 90.  81.  79. ],[25.  44.1 44.1 44.1],[106.2 134.1 125.1 123.1]
32534,[3516 3525 3536 3538],4,82.80000000000018,90.0,39.32499999999891,44.099999999998545,122.12499999999909,134.09999999999854,[81.2 90.  81.  79. ],[25.  44.1 44.1 44.1],[106.2 134.1 125.1 123.1]
32535,[3516 3525 3536 3538],4,82.80000000000018,90.0,39.32499999999891,44.099999999998545,122.12499999999909,134.09999999999854,[81.2 90.  81.  79. ],[25.  44.1 44.1 44.1],[106.2 134.1 125.1 123.1]
32536,[3516 3525 3536 3538],4,82.80000000000018,90.0,39.32499999999891,44.099999999998545,122.12499999999909,134.09999999999854,[81.2 90.  81.  79. ],[25.  44.1 44.1 44.1],[106.2 134.1 125.1 123.1]
32537,[3516 3525 3536 3538],4,82.80000000000018,90.0,39.32499999999891,44.099999999998545,122.12499999999909,134.09999999999854,[81.2 90.  81.  79. ],[25.  44.1 44.1 44.1],[106.2 134.1 125.1 123.1]
32538,[3516 3525 3536 3538],4,82.80000000000018,90.0,39.32499999999891,44.099999999998545,122.12499999999909,134.09999999999854,[81.2 90.  81.  79. ],[25.  44.1 44.1 44.1],[106.2 134.1 125.1 123.1]
32539,[3516 3525 3536 3538],4,82.80000000000018,90.0,39.32499999999891,44.099999999998545,122.12499999999909,134.09999999999854,[81.2 90.  81.  79. ],[25.  44.1 44.1 44.1],[106.2 134.1 125.1 123.1]
32540,[3516 3525 3536 3538],4,82.80000000000018,90.0,39.32499999999891,44.099999999998545,122.12499999999909,134.09999999999854,[81.2 90.  81.  79. ],[25.  44.1 44.1 44.1],[106.2 134.1 125.1 123.1]
32541,[3516 3525 3536 3538],4,82.80000000000018,90.0,39.32499999999891,44.099999999998545,122.12499999999909,134.09999999999854,[81.2 90.  81.  79. ],[25.  44.1 44.1 44.1],[106.2 134.1 125.1 123.1]
32542,[3516 3525 3536 3538],4,82.80000000000018,90.0,39.32499999999891,44.099999999998545,122.12499999999909,134.09999999999854,[81.2 90.  81.  79. ],[25.  44.1 44.1 44.1],[106.2 134.1 125.1 123.1]
32543,[3516 3525 3536 3538],4,82.80000000000018,90.0,39.32499999999891,44.099999999998545,122.12499999999909,134.09999999999854,[81.2 90.  81.  79. ],[25.  44.1 44.1 44.1],[106.2 134.1 125.1 123.1]
32544,[3516 3525 3536 3538],4,82.80000000000018,90.0,39.32499999999891,44.099999999998545,122.12499999999909,134.09999999999854,[81.2 90.  81.  79. ],[25.  44.1 44.1 44.1],[106.2 134.1 125.1 123.1]
32545,[3516 3525 3536 3538],4,82.80000000000018,90.0,39.32499999999891,44.099999999998545,122.12499999999909,134.09999999999854,[81.2 90.  81.  79. ],[25.  44.1 44.1 44.1],[106.2 134.1 125.1 123.1]
32546,[3516 3525 3536 3538],4,82.80000000000018,90.0,39.32499999999891,44.099999999998545,122.12499999999909,134.09999999999854,[81.2 90.  81.  79. ],[25.  44.1 44.1 44.1],[106.2 134.1 125.1 123.1]
32547,[3516 3525 3536 3538],4,82.80000000000018,90.0,39.32499999999891,44.099999999998545,122.12499999999909,134.09999999999854,[81.2 90.  81.  79. ],[25.  44.1 44.1 44.1],[106.2 134.1 125.1 123.1]
32548,[3516 3525 3536 3538],4,82.80000000000018,90.0,39.32499999999891,44.099999999998545,122.12499999999909,134.09999999999854,[81.2 90.  81.  79. ],[25.  44.1 44.1 44.1],[106.2 134.1 125.1 123.1]
32549,[3516 3525 3536 3538],4,82.80000000000018,90.0,39.32499999999891,44.099999999998545,122.12499999999909,134.09999999999854,[81.2 90.  81.  79. ],[25.  44.1 44.1 44.1],[106.2 134.1 125.1 123.1]
32550,[3516 3525 3536 3538],4,82.80000000000018,90.0,39.32499999999891,44.099999999998545,122.12499999999909,134.09999999999854,[81.2 90.  81.  79. ],[25.  44.1 44.1 44.1],[106.2 134.1 125.1 123.1]
32551,[3516 3525 3536 3538],4,82.80000000000018,90.0,39.32499999999891,44.099999999998545,122.12499999999909,134.09999999999854,[81.2 90.  81.  79. ],[25.  44.1 44.1 44.1],[106.2 134.1 125.1 123.1]
32552,[3516 3525 3536 3538],4,82.80000000000018,90.0,39.32499999999891,44.099999999998545,122.12499999999909,134.09999999999854,[81.2 90.  81.  79. ],[25.  44.1 44.1 44.1],[106.2 134.1 125.1 123.1]
32553,[3516 3525 3536 3538],4,82.80000000000018,90.0,39.32499999999891,44.099999999998545,122.12499999999909,134.09999999999854,[81.2 90.  81.  79. ],[25.  44.1 44.1 44.1],[106.2 134.1 125.1 123.1]
32554,[3516 3525 3536 3538],4,82.80000000000018,90.0,39.32499999999891,44.099999999998545,122.12499999999909,134.09999999999854,[81.2 90.  81.  79. ],[25.  44.1 44.1 44.1],[106.2 134.1 125.1 123.1]
32555,[3516 3525 3536 3538],4,82.80000000000018,90.0,39.32499999999891,44.099999999998545,122.12499999999909,134.09999999999854,[81.2 90.  81.  79. ],[25.  44.1 44.1 44.1],[106.2 134.1 125.1 123.1]
32556,[3516 3525 3536 3538],4,82.80000000000018,90.0,39.32499999999891,44.099999999998545,122.12499999999909,134.09999999999854,[81.2 90.  81.  79. ],[25.  44.1 44.1 44.1],[106.2 134.1 125.1 123.1]
32557,[3516 3525 3536 3538],4,82.80000000000018,90.0,39.32499999999891,44.099999999998545,122.12499999999909,134.09999999999854,[81.2 90.  81.  79. ],[25.  44.1 44.1 44.1],[106.2 134.1 125.1 123.1]
32558,[3516 3525 3536 3538],4,82.80000000000018,90.0,39.32499999999891,44.099999999998545,122.12499999999909,134.09999999999854,[81.2 90.  81.  79. ],[25.  44.1 44.1 44.1],[106.2 134.1 125.1 123.1]
32559,[3516 3525 3536 3538 3591],5,70.84000000000015,90.0,40.279999999998836,44.099999999998545,111.11999999999898,134.09999999999854,[81.2 90.  81.  79.  23. ],[25.  44.1 44.1 44.1 44.1],[106.2 134.1 125.1 123.1  67.1]
32560,[3516 3525 3536 3538 3591],5,70.84000000000015,90.0,40.279999999998836,44.099999999998545,111.11999999999898,134.09999999999854,[81.2 90.  81.  79.  23. ],[25.  44.1 44.1 44.1 44.1],[106.2 134.1 125.1 123.1  67.1]
32561,[3516 3525 3536 3538 3591],5,70.84000000000015,90.0,40.279999999998836,44.099999999998545,111.11999999999898,134.09999999999854,[81.2 90.  81.  79.  23. ],[25.  44.1 44.1 44.1 44.1],[106.2 134.1 125.1 123.1  67.1]
32562,[3516 3525 3536 3538 3591],5,70.84000000000015,90.0,40.279999999998836,44.099999999998545,111.11999999999898,134.09999999999854,[81.2 90.  81.  79.  23. ],[25.  44.1 44.1 44.1 44.1],[106.2 134.1 125.1 123.1  67.1]
32563,[3516 3525 3536 3538 3591],5,70.84000000000015,90.0,40.279999999998836,44.099999999998545,111.11999999999898,134.09999999999854,[81.2 90.  81.  79.  23. ],[25.  44.1 44.1 44.1 44.1],[106.2 134.1 125.1 123.1  67.1]
32564,[3525 3536 3538 3591],4,68.25,90.0,44.099999999998545,44.099999999998545,112.34999999999854,134.09999999999854,[90. 81. 79. 23.],[44.1 44.1 44.1 44.1],[134.1 125.1 123.1  67.1]
32565,[3525 3536 3538 3591],4,68.25,90.0,44.099999999998545,44.099999999998545,112.34999999999854,134.09999999999854,[90. 81. 79. 23.],[44.1 44.1 44.1 44.1],[134.1 125.1 123.1  67.1]
32566,[3525 3536 3538 3591],4,68.25,90.0,44.099999999998545,44.099999999998545,112.34999999999854,134.09999999999854,[90. 81. 79. 23.],[44.1 44.1 44.1 44.1],[134.1 125.1 123.1  67.1]
32567,[3525 3536 3538 3591],4,68.25,90.0,44.099999999998545,44.099999999998545,112.34999999999854,134.09999999999854,[90. 81. 79. 23.],[44.1 44.1 44.1 44.1],[134.1 125.1 123.1  67.1]
32568,[3525 3536 3538 3591],4,68.25,90.0,44.099999999998545,44.099999999998545,112.34999999999854,134.09999999999854,[90. 81. 79. 23.],[44.1 44.1 44.1 44.1],[134.1 125.1 123.1  67.1]
32569,[3525 3536 3538 3591],4,68.25,90.0,44.099999999998545,44.099999999998545,112.34999999999854,134.09999999999854,[90. 81. 79. 23.],[44.1 44.1 44.1 44.1],[134.1 125.1 123.1  67.1]
32570,[3525 3536 3538 3591],4,68.25,90.0,44.099999999998545,44.099999999998545,112.34999999999854,134.09999999999854,[90. 81. 79. 23.],[44.1 44.1 44.1 44.1],[134.1 125.1 123.1  67.1]
32571,[3525 3536 3538 3591],4,68.25,90.0,44.099999999998545,44.099999999998545,112.34999999999854,134.09999999999854,[90. 81. 79. 23.],[44.1 44.1 44.1 44.1],[134.1 125.1 123.1  67.1]
32572,[3525 3536 3538 3591],4,68.25,90.0,44.099999999998545,44.099999999998545,112.34999999999854,134.09999999999854,[90. 81. 79. 23.],[44.1 44.1 44.1 44.1],[134.1 125.1 123.1  67.1]
32573,[3525 3536 3538 3591],4,68.25,90.0,44.099999999998545,44.099999999998545,112.34999999999854,134.09999999999854,[90. 81. 79. 23.],[44.1 44.1 44.1 44.1],[134.1 125.1 123.1  67.1]
32574,[3525 3536 3538 3591],4,68.25,90.0,44.099999999998545,44.099999999998545,112.34999999999854,134.09999999999854,[90. 81. 79. 23.],[44.1 44.1 44.1 44.1],[134.1 125.1 123.1  67.1]
32575,[3525 3536 3538 3591],4,68.25,90.0,44.099999999998545,44.099999999998545,112.34999999999854,134.09999999999854,[90. 81. 79. 23.],[44.1 44.1 44.1 44.1],[134.1 125.1 123.1  67.1]
32576,[3525 3536 3538 3591],4,68.25,90.0,44.099999999998545,44.099999999998545,112.34999999999854,134.09999999999854,[90. 81. 79. 23.],[44.1 44.1 44.1 44.1],[134.1 125.1 123.1  67.1]
32577,[3525 3536 3538 3591],4,68.25,90.0,44.099999999998545,44.099999999998545,112.34999999999854,134.09999999999854,[90. 81. 79. 23.],[44.1 44.1 44.1 44.1],[134.1 125.1 123.1  67.1]
32578,[3525 3536 3538 3591],4,68.25,90.0,44.099999999998545,44.099999999998545,112.34999999999854,134.09999999999854,[90. 81. 79. 23.],[44.1 44.1 44.1 44.1],[134.1 125.1 123.1  67.1]
32579,[3525 3536 3538 3591],4,68.25,90.0,44.099999999998545,44.099999999998545,112.34999999999854,134.09999999999854,[90. 81. 79. 23.],[44.1 44.1 44.1 44.1],[134.1 125.1 123.1  67.1]
32580,[3525 3536 3538 3591 3604],5,54.6,90.0,47.819999999998984,62.70000000000073,102.41999999999898,134.09999999999854,[90. 81. 79. 23.  0.],[44.1 44.1 44.1 44.1 62.7],[134.1 125.1 123.1  67.1  62.7]
32581,[3525 3536 3538 3591],4,68.25,90.0,44.099999999998545,44.099999999998545,112.34999999999854,134.09999999999854,[90. 81. 79. 23.],[44.1 44.1 44.1 44.1],[134.1 125.1 123.1  67.1]
32582,[3525 3536 3538 3591],4,68.25,90.0,44.099999999998545,44.099999999998545,112.34999999999854,134.09999999999854,[90. 81. 79. 23.],[44.1 44.1 44.1 44.1],[134.1 125.1 123.1  67.1]
32583,[],0,0.0,0.0,0.0,0.0,0.0,0.0,[],[],[]
32584,[],0,0.0,0.0,0.0,0.0,0.0,0.0,[],[],[]
32585,[3606],1,0.0,0.0,41.099999999998545,41.099999999998545,41.099999999998545,41.099999999998545,[0.],[41.1],[41.1]
32586,[],0,0.0,0.0,0.0,0.0,0.0,0.0,[],[],[]
32587,[],0,0.0,0.0,0.0,0.0,0.0,0.0,[],[],[]
32588,[],0,0.0,0.0,0.0,0.0,0.0,0.0,[],[],[]
32589,[],0,0.0,0.0,0.0,0.0,0.0,0.0,[],[],[]
32590,[],0,0.0,0.0,0.0,0.0,0.0,0.0,[],[],[]
32591,[],0,0.0,0.0,0.0,0.0,0.0,0.0,[],[],[]
32592,[],0,0.0,0.0,0.0,0.0,0.0,0.0,[],[],[]
32593,[],0,0.0,0.0,0.0,0.0,0.0,0.0,[],[],[]
32594,[],0,0.0,0.0,0.0,0.0,0.0,0.0,[],[],[]
32595,[],0,0.0,0.0,0.0,0.0,0.0,0.0,[],[],[]
32596,[],0,0.0,0.0,0.0,0.0,0.0,0.0,[],[],[]
32597,[],0,0.0,0.0,0.0,0.0,0.0,0.0,[],[],[]
32598,[],0,0.0,0.0,0.0,0.0,0.0,0.0,[],[],[]
32599,[],0,0.0,0.0,0.0,0.0,0.0,0.0,[],[],[]
32600,[],0,0.0,0.0,0.0,0.0,0.0,0.0,[],[],[]
32601,[],0,0.0,0.0,0.0,0.0,0.0,0.0,[],[],[]
32602,[],0,0.0,0.0,0.0,0.0,0.0,0.0,[],[],[]
32603,[],0,0.0,0.0,0.0,0.0,0.0,0.0,[],[],[]
32604,[],0,0.0,0.0,0.0,0.0,0.0,0.0,[],[],[]
32605,[],0,0.0,0.0,0.0,0.0,0.0,0.0,[],[],[]
32606,[],0,0.0,0.0,0.0,0.0,0.0,0.0,[],[],[]
32607,[],0,0.0,0.0,0.0,0.0,0.0,0.0,[],[],[]
32608,[],0,0.0,0.0,0.0,0.0,0.0,0.0,[],[],[]
32609,[],0,0.0,0.0,0.0,0.0,0.0,0.0,[],[],[]
32610,[],0,0.0,0.0,0.0,0.0,0.0,0.0,[],[],[]
32611,[],0,0.0,0.0,0.0,0.0,0.0,0.0,[],[],[]
32612,[],0,0.0,0.0,0.0,0.0,0.0,0.0,[],[],[]
32613,[],0,0.0,0.0,0.0,0.0,0.0,0.0,[],[],[]
32614,[],0,0.0,0.0,0.0,0.0,0.0,0.0,[],[],[]
32615,[],0,0.0,0.0,0.0,0.0,0.0,0.0,[],[],[]
32616,[],0,0.0,0.0,0.0,0.0,0.0,0.0,[],[],[]
32617,[],0,0.0,0.0,0.0,0.0,0.0,0.0,[],[],[]
32618,[],0,0.0,0.0,0.0,0.0,0.0,0.0,[],[],[]
32619,[],0,0.0,0.0,0.0,0.0,0.0,0.0,[],[],[]
32620,[3646],1,14.799999999999272,14.799999999999272,58.20000000000073,58.20000000000073,73.0,73.0,[14.8],[58.2],[73.]
32621,[3646],1,14.799999999999272,14.799999999999272,58.20000000000073,58.20000000000073,73.0,73.0,[14.8],[58.2],[73.]
32622,[3646],1,14.799999999999272,14.799999999999272,58.20000000000073,58.20000000000073,73.0,73.0,[14.8],[58.2],[73.]
32623,[3646],1,14.799999999999272,14.799999999999272,58.20000000000073,58.20000000000073,73.0,73.0,[14.8],[58.2],[73.]
32624,[3646],1,14.799999999999272,14.799999999999272,58.20000000000073,58.20000000000073,73.0,73.0,[14.8],[58.2],[73.]
32625,[3646],1,14.799999999999272,14.799999999999272,58.20000000000073,58.20000000000073,73.0,73.0,[14.8],[58.2],[73.]
32626,[3646],1,14.799999999999272,14.799999999999272,58.20000000000073,58.20000000000073,73.0,73.0,[14.8],[58.2],[73.]
32627,[3646],1,14.799999999999272,14.799999999999272,58.20000000000073,58.20000000000073,73.0,73.0,[14.8],[58.2],[73.]
32628,[3646],1,14.799999999999272,14.799999999999272,58.20000000000073,58.20000000000073,73.0,73.0,[14.8],[58.2],[73.]
32629,[3646],1,14.799999999999272,14.799999999999272,58.20000000000073,58.20000000000073,73.0,73.0,[14.8],[58.2],[73.]
32630,[3646],1,14.799999999999272,14.799999999999272,58.20000000000073,58.20000000000073,73.0,73.0,[14.8],[58.2],[73.]
32631,[3646],1,14.799999999999272,14.799999999999272,58.20000000000073,58.20000000000073,73.0,73.0,[14.8],[58.2],[73.]
32632,[3646],1,14.799999999999272,14.799999999999272,58.20000000000073,58.20000000000073,73.0,73.0,[14.8],[58.2],[73.]
32633,[3646],1,14.799999999999272,14.799999999999272,58.20000000000073,58.20000000000073,73.0,73.0,[14.8],[58.2],[73.]
32634,[3646],1,14.799999999999272,14.799999999999272,58.20000000000073,58.20000000000073,73.0,73.0,[14.8],[58.2],[73.]
32635,[],0,0.0,0.0,0.0,0.0,0.0,0.0,[],[],[]
32636,[],0,0.0,0.0,0.0,0.0,0.0,0.0,[],[],[]
32637,[],0,0.0,0.0,0.0,0.0,0.0,0.0,[],[],[]
32638,[],0,0.0,0.0,0.0,0.0,0.0,0.0,[],[],[]
32639,[],0,0.0,0.0,0.0,0.0,0.0,0.0,[],[],[]
32640,[],0,0.0,0.0,0.0,0.0,0.0,0.0,[],[],[]
32641,[],0,0.0,0.0,0.0,0.0,0.0,0.0,[],[],[]
32642,[],0,0.0,0.0,0.0,0.0,0.0,0.0,[],[],[]
32643,[],0,0.0,0.0,0.0,0.0,0.0,0.0,[],[],[]
32644,[],0,0.0,0.0,0.0,0.0,0.0,0.0,[],[],[]
32645,[],0,0.0,0.0,0.0,0.0,0.0,0.0,[],[],[]
32646,[],0,0.0,0.0,0.0,0.0,0.0,0.0,[],[],[]
32647,[],0,0.0,0.0,0.0,0.0,0.0,0.0,[],[],[]
32648,[],0,0.0,0.0,0.0,0.0,0.0,0.0,[],[],[]
32649,[],0,0.0,0.0,0.0,0.0,0.0,0.0,[],[],[]
32650,[],0,0.0,0.0,0.0,0.0,0.0,0.0,[],[],[]
32651,[],0,0.0,0.0,0.0,0.0,0.0,0.0,[],[],[]
32652,[],0,0.0,0.0,0.0,0.0,0.0,0.0,[],[],[]
32653,[],0,0.0,0.0,0.0,0.0,0.0,0.0,[],[],[]
32654,[],0,0.0,0.0,0.0,0.0,0.0,0.0,[],[],[]
32655,[],0,0.0,0.0,0.0,0.0,0.0,0.0,[],[],[]
32656,[],0,0.0,0.0,0.0,0.0,0.0,0.0,[],[],[]
32657,[],0,0.0,0.0,0.0,0.0,0.0,0.0,[],[],[]
32658,[],0,0.0,0.0,0.0,0.0,0.0,0.0,[],[],[]
32659,[],0,0.0,0.0,0.0,0.0,0.0,0.0,[],[],[]
32660,[],0,0.0,0.0,0.0,0.0,0.0,0.0,[],[],[]
32661,[],0,0.0,0.0,0.0,0.0,0.0,0.0,[],[],[]
32662,[],0,0.0,0.0,0.0,0.0,0.0,0.0,[],[],[]
32663,[],0,0.0,0.0,0.0,0.0,0.0,0.0,[],[],[]
32664,[],0,0.0,0.0,0.0,0.0,0.0,0.0,[],[],[]
32665,[],0,0.0,0.0,0.0,0.0,0.0,0.0,[],[],[]
32666,[],0,0.0,0.0,0.0,0.0,0.0,0.0,[],[],[]
32667,[],0,0.0,0.0,0.0,0.0,0.0,0.0,[],[],[]
32668,[],0,0.0,0.0,0.0,0.0,0.0,0.0,[],[],[]
32669,[],0,0.0,0.0,0.0,0.0,0.0,0.0,[],[],[]
32670,[],0,0.0,0.0,0.0,0.0,0.0,0.0,[],[],[]
32671,[],0,0.0,0.0,0.0,0.0,0.0,0.0,[],[],[]
32672,[],0,0.0,0.0,0.0,0.0,0.0,0.0,[],[],[]
32673,[],0,0.0,0.0,0.0,0.0,0.0,0.0,[],[],[]
32674,[],0,0.0,0.0,0.0,0.0,0.0,0.0,[],[],[]
32675,[],0,0.0,0.0,0.0,0.0,0.0,0.0,[],[],[]
32676,[],0,0.0,0.0,0.0,0.0,0.0,0.0,[],[],[]
32677,[],0,0.0,0.0,0.0,0.0,0.0,0.0,[],[],[]
32678,[],0,0.0,0.0,0.0,0.0,0.0,0.0,[],[],[]
32679,[],0,0.0,0.0,0.0,0.0,0.0,0.0,[],[],[]
32680,[],0,0.0,0.0,0.0,0.0,0.0,0.0,[],[],[]
32681,[],0,0.0,0.0,0.0,0.0,0.0,0.0,[],[],[]
32682,[],0,0.0,0.0,0.0,0.0,0.0,0.0,[],[],[]
32683,[],0,0.0,0.0,0.0,0.0,0.0,0.0,[],[],[]
32684,[],0,0.0,0.0,0.0,0.0,0.0,0.0,[],[],[]
32685,[],0,0.0,0.0,0.0,0.0,0.0,0.0,[],[],[]
32686,[],0,0.0,0.0,0.0,0.0,0.0,0.0,[],[],[]
32687,[],0,0.0,0.0,0.0,0.0,0.0,0.0,[],[],[]
32688,[],0,0.0,0.0,0.0,0.0,0.0,0.0,[],[],[]
32689,[],0,0.0,0.0,0.0,0.0,0.0,0.0,[],[],[]
32690,[],0,0.0,0.0,0.0,0.0,0.0,0.0,[],[],[]
32691,[],0,0.0,0.0,0.0,0.0,0.0,0.0,[],[],[]
32692,[],0,0.0,0.0,0.0,0.0,0.0,0.0,[],[],[]
32693,[],0,0.0,0.0,0.0,0.0,0.0,0.0,[],[],[]
32694,[],0,0.0,0.0,0.0,0.0,0.0,0.0,[],[],[]
32695,[],0,0.0,0.0,0.0,0.0,0.0,0.0,[],[],[]
32696,[],0,0.0,0.0,0.0,0.0,0.0,0.0,[],[],[]
32697,[],0,0.0,0.0,0.0,0.0,0.0,0.0,[],[],[]
32698,[],0,0.0,0.0,0.0,0.0,0.0,0.0,[],[],[]
32699,[],0,0.0,0.0,0.0,0.0,0.0,0.0,[],[],[]
32700,[],0,0.0,0.0,0.0,0.0,0.0,0.0,[],[],[]
32701,[],0,0.0,0.0,0.0,0.0,0.0,0.0,[],[],[]
32702,[],0,0.0,0.0,0.0,0.0,0.0,0.0,[],[],[]
32703,[],0,0.0,0.0,0.0,0.0,0.0,0.0,[],[],[]
32704,[],0,0.0,0.0,0.0,0.0,0.0,0.0,[],[],[]
32705,[],0,0.0,0.0,0.0,0.0,0.0,0.0,[],[],[]
32706,[3708],1,15.599999999998545,15.599999999998545,42.400000000001455,42.400000000001455,58.0,58.0,[15.6],[42.4],[58.]
32707,[3708],1,15.599999999998545,15.599999999998545,42.400000000001455,42.400000000001455,58.0,58.0,[15.6],[42.4],[58.]
32708,[3708],1,15.599999999998545,15.599999999998545,42.400000000001455,42.400000000001455,58.0,58.0,[15.6],[42.4],[58.]
32709,[3708],1,15.599999999998545,15.599999999998545,42.400000000001455,42.400000000001455,58.0,58.0,[15.6],[42.4],[58.]
32710,[3708],1,15.599999999998545,15.599999999998545,42.400000000001455,42.400000000001455,58.0,58.0,[15.6],[42.4],[58.]
32711,[3708],1,15.599999999998545,15.599999999998545,42.400000000001455,42.400000000001455,58.0,58.0,[15.6],[42.4],[58.]
32712,[3708],1,15.599999999998545,15.599999999998545,42.400000000001455,42.400000000001455,58.0,58.0,[15.6],[42.4],[58.]
32713,[3708],1,15.599999999998545,15.599999999998545,42.400000000001455,42.400000000001455,58.0,58.0,[15.6],[42.4],[58.]
32714,[3708],1,15.599999999998545,15.599999999998545,42.400000000001455,42.400000000001455,58.0,58.0,[15.6],[42.4],[58.]
32715,[3708],1,15.599999999998545,15.599999999998545,42.400000000001455,42.400000000001455,58.0,58.0,[15.6],[42.4],[58.]
32716,[3708],1,15.599999999998545,15.599999999998545,42.400000000001455,42.400000000001455,58.0,58.0,[15.6],[42.4],[58.]
32717,[3708],1,15.599999999998545,15.599999999998545,42.400000000001455,42.400000000001455,58.0,58.0,[15.6],[42.4],[58.]
32718,[3708],1,15.599999999998545,15.599999999998545,42.400000000001455,42.400000000001455,58.0,58.0,[15.6],[42.4],[58.]
32719,[3708],1,15.599999999998545,15.599999999998545,42.400000000001455,42.400000000001455,58.0,58.0,[15.6],[42.4],[58.]
32720,[3708],1,15.599999999998545,15.599999999998545,42.400000000001455,42.400000000001455,58.0,58.0,[15.6],[42.4],[58.]
32721,[3708],1,15.599999999998545,15.599999999998545,42.400000000001455,42.400000000001455,58.0,58.0,[15.6],[42.4],[58.]
32722,[],0,0.0,0.0,0.0,0.0,0.0,0.0,[],[],[]
32723,[],0,0.0,0.0,0.0,0.0,0.0,0.0,[],[],[]
32724,[],0,0.0,0.0,0.0,0.0,0.0,0.0,[],[],[]
32725,[],0,0.0,0.0,0.0,0.0,0.0,0.0,[],[],[]
32726,[],0,0.0,0.0,0.0,0.0,0.0,0.0,[],[],[]
32727,[],0,0.0,0.0,0.0,0.0,0.0,0.0,[],[],[]
32728,[],0,0.0,0.0,0.0,0.0,0.0,0.0,[],[],[]
32729,[],0,0.0,0.0,0.0,0.0,0.0,0.0,[],[],[]
32730,[],0,0.0,0.0,0.0,0.0,0.0,0.0,[],[],[]
32731,[],0,0.0,0.0,0.0,0.0,0.0,0.0,[],[],[]
32732,[],0,0.0,0.0,0.0,0.0,0.0,0.0,[],[],[]
32733,[],0,0.0,0.0,0.0,0.0,0.0,0.0,[],[],[]
32734,[],0,0.0,0.0,0.0,0.0,0.0,0.0,[],[],[]
32735,[],0,0.0,0.0,0.0,0.0,0.0,0.0,[],[],[]
32736,[],0,0.0,0.0,0.0,0.0,0.0,0.0,[],[],[]
32737,[],0,0.0,0.0,0.0,0.0,0.0,0.0,[],[],[]
32738,[],0,0.0,0.0,0.0,0.0,0.0,0.0,[],[],[]
32739,[],0,0.0,0.0,0.0,0.0,0.0,0.0,[],[],[]
32740,[],0,0.0,0.0,0.0,0.0,0.0,0.0,[],[],[]
32741,[],0,0.0,0.0,0.0,0.0,0.0,0.0,[],[],[]
32742,[],0,0.0,0.0,0.0,0.0,0.0,0.0,[],[],[]
32743,[],0,0.0,0.0,0.0,0.0,0.0,0.0,[],[],[]
32744,[],0,0.0,0.0,0.0,0.0,0.0,0.0,[],[],[]
32745,[],0,0.0,0.0,0.0,0.0,0.0,0.0,[],[],[]
32746,[],0,0.0,0.0,0.0,0.0,0.0,0.0,[],[],[]
32747,[],0,0.0,0.0,0.0,0.0,0.0,0.0,[],[],[]
32748,[],0,0.0,0.0,0.0,0.0,0.0,0.0,[],[],[]
32749,[],0,0.0,0.0,0.0,0.0,0.0,0.0,[],[],[]
32750,[],0,0.0,0.0,0.0,0.0,0.0,0.0,[],[],[]
32751,[],0,0.0,0.0,0.0,0.0,0.0,0.0,[],[],[]
32752,[],0,0.0,0.0,0.0,0.0,0.0,0.0,[],[],[]
32753,[],0,0.0,0.0,0.0,0.0,0.0,0.0,[],[],[]
32754,[3750],1,17.0,17.0,31.400000000001455,31.400000000001455,48.400000000001455,48.400000000001455,[17.],[31.4],[48.4]
32755,[3750],1,17.0,17.0,31.400000000001455,31.400000000001455,48.400000000001455,48.400000000001455,[17.],[31.4],[48.4]
32756,[3750],1,17.0,17.0,31.400000000001455,31.400000000001455,48.400000000001455,48.400000000001455,[17.],[31.4],[48.4]
32757,[3750],1,17.0,17.0,31.400000000001455,31.400000000001455,48.400000000001455,48.400000000001455,[17.],[31.4],[48.4]
32758,[3750],1,17.0,17.0,31.400000000001455,31.400000000001455,48.400000000001455,48.400000000001455,[17.],[31.4],[48.4]
32759,[3750],1,17.0,17.0,31.400000000001455,31.400000000001455,48.400000000001455,48.400000000001455,[17.],[31.4],[48.4]
32760,[3750],1,17.0,17.0,31.400000000001455,31.400000000001455,48.400000000001455,48.400000000001455,[17.],[31.4],[48.4]
32761,[3750],1,17.0,17.0,31.400000000001455,31.400000000001455,48.400000000001455,48.400000000001455,[17.],[31.4],[48.4]
32762,[3750],1,17.0,17.0,31.400000000001455,31.400000000001455,48.400000000001455,48.400000000001455,[17.],[31.4],[48.4]
32763,[3750],1,17.0,17.0,31.400000000001455,31.400000000001455,48.400000000001455,48.400000000001455,[17.],[31.4],[48.4]
32764,[3750],1,17.0,17.0,31.400000000001455,31.400000000001455,48.400000000001455,48.400000000001455,[17.],[31.4],[48.4]
32765,[3750],1,17.0,17.0,31.400000000001455,31.400000000001455,48.400000000001455,48.400000000001455,[17.],[31.4],[48.4]
32766,[3750],1,17.0,17.0,31.400000000001455,31.400000000001455,48.400000000001455,48.400000000001455,[17.],[31.4],[48.4]
32767,[3750],1,17.0,17.0,31.400000000001455,31.400000000001455,48.400000000001455,48.400000000001455,[17.],[31.4],[48.4]
32768,[3750],1,17.0,17.0,31.400000000001455,31.400000000001455,48.400000000001455,48.400000000001455,[17.],[31.4],[48.4]
32769,[3750],1,17.0,17.0,31.400000000001455,31.400000000001455,48.400000000001455,48.400000000001455,[17.],[31.4],[48.4]
32770,[3750],1,17.0,17.0,31.400000000001455,31.400000000001455,48.400000000001455,48.400000000001455,[17.],[31.4],[48.4]
32771,[3750],1,17.0,17.0,31.400000000001455,31.400000000001455,48.400000000001455,48.400000000001455,[17.],[31.4],[48.4]
32772,[],0,0.0,0.0,0.0,0.0,0.0,0.0,[],[],[]
32773,[],0,0.0,0.0,0.0,0.0,0.0,0.0,[],[],[]
32774,[],0,0.0,0.0,0.0,0.0,0.0,0.0,[],[],[]
32775,[3771],1,60.900000000001455,60.900000000001455,26.299999999995634,26.299999999995634,87.19999999999709,87.19999999999709,[60.9],[26.3],[87.2]
32776,[3771],1,60.900000000001455,60.900000000001455,26.299999999995634,26.299999999995634,87.19999999999709,87.19999999999709,[60.9],[26.3],[87.2]
32777,[3771],1,60.900000000001455,60.900000000001455,26.299999999995634,26.299999999995634,87.19999999999709,87.19999999999709,[60.9],[26.3],[87.2]
32778,[3771],1,60.900000000001455,60.900000000001455,26.299999999995634,26.299999999995634,87.19999999999709,87.19999999999709,[60.9],[26.3],[87.2]
32779,[3771],1,60.900000000001455,60.900000000001455,26.299999999995634,26.299999999995634,87.19999999999709,87.19999999999709,[60.9],[26.3],[87.2]
32780,[3771],1,60.900000000001455,60.900000000001455,26.299999999995634,26.299999999995634,87.19999999999709,87.19999999999709,[60.9],[26.3],[87.2]
32781,[3771],1,60.900000000001455,60.900000000001455,26.299999999995634,26.299999999995634,87.19999999999709,87.19999999999709,[60.9],[26.3],[87.2]
32782,[3771],1,60.900000000001455,60.900000000001455,26.299999999995634,26.299999999995634,87.19999999999709,87.19999999999709,[60.9],[26.3],[87.2]
32783,[3771],1,60.900000000001455,60.900000000001455,26.299999999995634,26.299999999995634,87.19999999999709,87.19999999999709,[60.9],[26.3],[87.2]
32784,[3771],1,60.900000000001455,60.900000000001455,26.299999999995634,26.299999999995634,87.19999999999709,87.19999999999709,[60.9],[26.3],[87.2]
32785,[3771],1,60.900000000001455,60.900000000001455,26.299999999995634,26.299999999995634,87.19999999999709,87.19999999999709,[60.9],[26.3],[87.2]
32786,[3771],1,60.900000000001455,60.900000000001455,26.299999999995634,26.299999999995634,87.19999999999709,87.19999999999709,[60.9],[26.3],[87.2]
32787,[3771],1,60.900000000001455,60.900000000001455,26.299999999995634,26.299999999995634,87.19999999999709,87.19999999999709,[60.9],[26.3],[87.2]
32788,[3771],1,60.900000000001455,60.900000000001455,26.299999999995634,26.299999999995634,87.19999999999709,87.19999999999709,[60.9],[26.3],[87.2]
32789,[3771],1,60.900000000001455,60.900000000001455,26.299999999995634,26.299999999995634,87.19999999999709,87.19999999999709,[60.9],[26.3],[87.2]
32790,[3771],1,60.900000000001455,60.900000000001455,26.299999999995634,26.299999999995634,87.19999999999709,87.19999999999709,[60.9],[26.3],[87.2]
32791,[3771],1,60.900000000001455,60.900000000001455,26.299999999995634,26.299999999995634,87.19999999999709,87.19999999999709,[60.9],[26.3],[87.2]
32792,[3771],1,60.900000000001455,60.900000000001455,26.299999999995634,26.299999999995634,87.19999999999709,87.19999999999709,[60.9],[26.3],[87.2]
32793,[3771],1,60.900000000001455,60.900000000001455,26.299999999995634,26.299999999995634,87.19999999999709,87.19999999999709,[60.9],[26.3],[87.2]
32794,[3771],1,60.900000000001455,60.900000000001455,26.299999999995634,26.299999999995634,87.19999999999709,87.19999999999709,[60.9],[26.3],[87.2]
32795,[3771],1,60.900000000001455,60.900000000001455,26.299999999995634,26.299999999995634,87.19999999999709,87.19999999999709,[60.9],[26.3],[87.2]
32796,[3771],1,60.900000000001455,60.900000000001455,26.299999999995634,26.299999999995634,87.19999999999709,87.19999999999709,[60.9],[26.3],[87.2]
32797,[3771],1,60.900000000001455,60.900000000001455,26.299999999995634,26.299999999995634,87.19999999999709,87.19999999999709,[60.9],[26.3],[87.2]
32798,[3771],1,60.900000000001455,60.900000000001455,26.299999999995634,26.299999999995634,87.19999999999709,87.19999999999709,[60.9],[26.3],[87.2]
32799,[3771],1,60.900000000001455,60.900000000001455,26.299999999995634,26.299999999995634,87.19999999999709,87.19999999999709,[60.9],[26.3],[87.2]
32800,[3771],1,60.900000000001455,60.900000000001455,26.299999999995634,26.299999999995634,87.19999999999709,87.19999999999709,[60.9],[26.3],[87.2]
32801,[3771],1,60.900000000001455,60.900000000001455,26.299999999995634,26.299999999995634,87.19999999999709,87.19999999999709,[60.9],[26.3],[87.2]
32802,[3771],1,60.900000000001455,60.900000000001455,26.299999999995634,26.299999999995634,87.19999999999709,87.19999999999709,[60.9],[26.3],[87.2]
32803,[3771],1,60.900000000001455,60.900000000001455,26.299999999995634,26.299999999995634,87.19999999999709,87.19999999999709,[60.9],[26.3],[87.2]
32804,[3771],1,60.900000000001455,60.900000000001455,26.299999999995634,26.299999999995634,87.19999999999709,87.19999999999709,[60.9],[26.3],[87.2]
32805,[3771],1,60.900000000001455,60.900000000001455,26.299999999995634,26.299999999995634,87.19999999999709,87.19999999999709,[60.9],[26.3],[87.2]
32806,[3771],1,60.900000000001455,60.900000000001455,26.299999999995634,26.299999999995634,87.19999999999709,87.19999999999709,[60.9],[26.3],[87.2]
32807,[3771],1,60.900000000001455,60.900000000001455,26.299999999995634,26.299999999995634,87.19999999999709,87.19999999999709,[60.9],[26.3],[87.2]
32808,[3771 3798],2,44.400000000001455,60.900000000001455,55.49999999999636,84.69999999999709,99.89999999999782,112.59999999999854,[60.9 27.9],[26.3 84.7],[ 87.2 112.6]
32809,[3771 3798],2,44.400000000001455,60.900000000001455,55.49999999999636,84.69999999999709,99.89999999999782,112.59999999999854,[60.9 27.9],[26.3 84.7],[ 87.2 112.6]
32810,[3771 3798],2,44.400000000001455,60.900000000001455,55.49999999999636,84.69999999999709,99.89999999999782,112.59999999999854,[60.9 27.9],[26.3 84.7],[ 87.2 112.6]
32811,[3771 3798 3799],3,37.900000000001455,60.900000000001455,65.23333333332994,84.69999999999709,103.1333333333314,112.59999999999854,[60.9 27.9 24.9],[26.3 84.7 84.7],[ 87.2 112.6 109.6]
32812,[3771 3798 3799],3,37.900000000001455,60.900000000001455,65.23333333332994,84.69999999999709,103.1333333333314,112.59999999999854,[60.9 27.9 24.9],[26.3 84.7 84.7],[ 87.2 112.6 109.6]
32813,[3771 3798 3799],3,37.900000000001455,60.900000000001455,65.23333333332994,84.69999999999709,103.1333333333314,112.59999999999854,[60.9 27.9 24.9],[26.3 84.7 84.7],[ 87.2 112.6 109.6]
32814,[3771 3798 3799],3,37.900000000001455,60.900000000001455,65.23333333332994,84.69999999999709,103.1333333333314,112.59999999999854,[60.9 27.9 24.9],[26.3 84.7 84.7],[ 87.2 112.6 109.6]
32815,[3771 3798 3799],3,37.900000000001455,60.900000000001455,65.23333333332994,84.69999999999709,103.1333333333314,112.59999999999854,[60.9 27.9 24.9],[26.3 84.7 84.7],[ 87.2 112.6 109.6]
32816,[3771 3798 3799],3,37.900000000001455,60.900000000001455,65.23333333332994,84.69999999999709,103.1333333333314,112.59999999999854,[60.9 27.9 24.9],[26.3 84.7 84.7],[ 87.2 112.6 109.6]
32817,[3771 3798 3799],3,37.900000000001455,60.900000000001455,65.23333333332994,84.69999999999709,103.1333333333314,112.59999999999854,[60.9 27.9 24.9],[26.3 84.7 84.7],[ 87.2 112.6 109.6]
32818,[3771 3798 3799],3,37.900000000001455,60.900000000001455,65.23333333332994,84.69999999999709,103.1333333333314,112.59999999999854,[60.9 27.9 24.9],[26.3 84.7 84.7],[ 87.2 112.6 109.6]
32819,[3771 3798 3799],3,37.900000000001455,60.900000000001455,65.23333333332994,84.69999999999709,103.1333333333314,112.59999999999854,[60.9 27.9 24.9],[26.3 84.7 84.7],[ 87.2 112.6 109.6]
32820,[3771 3798 3799],3,37.900000000001455,60.900000000001455,65.23333333332994,84.69999999999709,103.1333333333314,112.59999999999854,[60.9 27.9 24.9],[26.3 84.7 84.7],[ 87.2 112.6 109.6]
32821,[3771 3798 3799],3,37.900000000001455,60.900000000001455,65.23333333332994,84.69999999999709,103.1333333333314,112.59999999999854,[60.9 27.9 24.9],[26.3 84.7 84.7],[ 87.2 112.6 109.6]
32822,[3771 3798 3799],3,37.900000000001455,60.900000000001455,65.23333333332994,84.69999999999709,103.1333333333314,112.59999999999854,[60.9 27.9 24.9],[26.3 84.7 84.7],[ 87.2 112.6 109.6]
32823,[3771 3798 3799],3,37.900000000001455,60.900000000001455,65.23333333332994,84.69999999999709,103.1333333333314,112.59999999999854,[60.9 27.9 24.9],[26.3 84.7 84.7],[ 87.2 112.6 109.6]
32824,[3771 3798 3799],3,37.900000000001455,60.900000000001455,65.23333333332994,84.69999999999709,103.1333333333314,112.59999999999854,[60.9 27.9 24.9],[26.3 84.7 84.7],[ 87.2 112.6 109.6]
32825,[3771 3798 3799],3,37.900000000001455,60.900000000001455,65.23333333332994,84.69999999999709,103.1333333333314,112.59999999999854,[60.9 27.9 24.9],[26.3 84.7 84.7],[ 87.2 112.6 109.6]
32826,[3771 3798 3799],3,37.900000000001455,60.900000000001455,65.23333333332994,84.69999999999709,103.1333333333314,112.59999999999854,[60.9 27.9 24.9],[26.3 84.7 84.7],[ 87.2 112.6 109.6]
32827,[3771 3798 3799],3,37.900000000001455,60.900000000001455,65.23333333332994,84.69999999999709,103.1333333333314,112.59999999999854,[60.9 27.9 24.9],[26.3 84.7 84.7],[ 87.2 112.6 109.6]
32828,[3771 3798 3799],3,37.900000000001455,60.900000000001455,65.23333333332994,84.69999999999709,103.1333333333314,112.59999999999854,[60.9 27.9 24.9],[26.3 84.7 84.7],[ 87.2 112.6 109.6]
32829,[3771 3798 3799],3,37.900000000001455,60.900000000001455,65.23333333332994,84.69999999999709,103.1333333333314,112.59999999999854,[60.9 27.9 24.9],[26.3 84.7 84.7],[ 87.2 112.6 109.6]
32830,[3771 3798 3799],3,37.900000000001455,60.900000000001455,65.23333333332994,84.69999999999709,103.1333333333314,112.59999999999854,[60.9 27.9 24.9],[26.3 84.7 84.7],[ 87.2 112.6 109.6]
32831,[3771 3798 3799 3824],4,29.650000000001455,60.900000000001455,70.09999999999673,84.69999999999709,99.74999999999818,112.59999999999854,[60.9 27.9 24.9  4.9],[26.3 84.7 84.7 84.7],[ 87.2 112.6 109.6  89.6]
32832,[3771 3798 3799 3824],4,29.650000000001455,60.900000000001455,70.09999999999673,84.69999999999709,99.74999999999818,112.59999999999854,[60.9 27.9 24.9  4.9],[26.3 84.7 84.7 84.7],[ 87.2 112.6 109.6  89.6]
32833,[3771 3798 3799 3824],4,29.650000000001455,60.900000000001455,70.09999999999673,84.69999999999709,99.74999999999818,112.59999999999854,[60.9 27.9 24.9  4.9],[26.3 84.7 84.7 84.7],[ 87.2 112.6 109.6  89.6]
32834,[3771 3798 3799 3824],4,29.650000000001455,60.900000000001455,70.09999999999673,84.69999999999709,99.74999999999818,112.59999999999854,[60.9 27.9 24.9  4.9],[26.3 84.7 84.7 84.7],[ 87.2 112.6 109.6  89.6]
32835,[3771 3798 3799 3824],4,29.650000000001455,60.900000000001455,70.09999999999673,84.69999999999709,99.74999999999818,112.59999999999854,[60.9 27.9 24.9  4.9],[26.3 84.7 84.7 84.7],[ 87.2 112.6 109.6  89.6]
32836,[],0,0.0,0.0,0.0,0.0,0.0,0.0,[],[],[]
32837,[],0,0.0,0.0,0.0,0.0,0.0,0.0,[],[],[]
32838,[],0,0.0,0.0,0.0,0.0,0.0,0.0,[],[],[]
32839,[],0,0.0,0.0,0.0,0.0,0.0,0.0,[],[],[]
32840,[],0,0.0,0.0,0.0,0.0,0.0,0.0,[],[],[]
32841,[],0,0.0,0.0,0.0,0.0,0.0,0.0,[],[],[]
32842,[],0,0.0,0.0,0.0,0.0,0.0,0.0,[],[],[]
32843,[],0,0.0,0.0,0.0,0.0,0.0,0.0,[],[],[]
32844,[],0,0.0,0.0,0.0,0.0,0.0,0.0,[],[],[]
32845,[],0,0.0,0.0,0.0,0.0,0.0,0.0,[],[],[]
32846,[],0,0.0,0.0,0.0,0.0,0.0,0.0,[],[],[]
32847,[],0,0.0,0.0,0.0,0.0,0.0,0.0,[],[],[]
32848,[],0,0.0,0.0,0.0,0.0,0.0,0.0,[],[],[]
32849,[],0,0.0,0.0,0.0,0.0,0.0,0.0,[],[],[]
32850,[],0,0.0,0.0,0.0,0.0,0.0,0.0,[],[],[]
32851,[],0,0.0,0.0,0.0,0.0,0.0,0.0,[],[],[]
32852,[],0,0.0,0.0,0.0,0.0,0.0,0.0,[],[],[]
32853,[],0,0.0,0.0,0.0,0.0,0.0,0.0,[],[],[]
32854,[],0,0.0,0.0,0.0,0.0,0.0,0.0,[],[],[]
32855,[],0,0.0,0.0,0.0,0.0,0.0,0.0,[],[],[]
32856,[],0,0.0,0.0,0.0,0.0,0.0,0.0,[],[],[]
32857,[],0,0.0,0.0,0.0,0.0,0.0,0.0,[],[],[]
32858,[],0,0.0,0.0,0.0,0.0,0.0,0.0,[],[],[]
32859,[],0,0.0,0.0,0.0,0.0,0.0,0.0,[],[],[]
32860,[],0,0.0,0.0,0.0,0.0,0.0,0.0,[],[],[]
32861,[],0,0.0,0.0,0.0,0.0,0.0,0.0,[],[],[]
32862,[],0,0.0,0.0,0.0,0.0,0.0,0.0,[],[],[]
32863,[],0,0.0,0.0,0.0,0.0,0.0,0.0,[],[],[]
32864,[],0,0.0,0.0,0.0,0.0,0.0,0.0,[],[],[]
32865,[],0,0.0,0.0,0.0,0.0,0.0,0.0,[],[],[]
32866,[],0,0.0,0.0,0.0,0.0,0.0,0.0,[],[],[]
32867,[],0,0.0,0.0,0.0,0.0,0.0,0.0,[],[],[]
32868,[],0,0.0,0.0,0.0,0.0,0.0,0.0,[],[],[]
32869,[],0,0.0,0.0,0.0,0.0,0.0,0.0,[],[],[]
32870,[],0,0.0,0.0,0.0,0.0,0.0,0.0,[],[],[]
32871,[],0,0.0,0.0,0.0,0.0,0.0,0.0,[],[],[]
32872,[],0,0.0,0.0,0.0,0.0,0.0,0.0,[],[],[]
32873,[],0,0.0,0.0,0.0,0.0,0.0,0.0,[],[],[]
32874,[],0,0.0,0.0,0.0,0.0,0.0,0.0,[],[],[]
32875,[],0,0.0,0.0,0.0,0.0,0.0,0.0,[],[],[]
32876,[],0,0.0,0.0,0.0,0.0,0.0,0.0,[],[],[]
32877,[],0,0.0,0.0,0.0,0.0,0.0,0.0,[],[],[]
32878,[],0,0.0,0.0,0.0,0.0,0.0,0.0,[],[],[]
32879,[],0,0.0,0.0,0.0,0.0,0.0,0.0,[],[],[]
32880,[],0,0.0,0.0,0.0,0.0,0.0,0.0,[],[],[]
32881,[],0,0.0,0.0,0.0,0.0,0.0,0.0,[],[],[]
32882,[],0,0.0,0.0,0.0,0.0,0.0,0.0,[],[],[]
32883,[],0,0.0,0.0,0.0,0.0,0.0,0.0,[],[],[]
32884,[],0,0.0,0.0,0.0,0.0,0.0,0.0,[],[],[]
32885,[],0,0.0,0.0,0.0,0.0,0.0,0.0,[],[],[]
32886,[],0,0.0,0.0,0.0,0.0,0.0,0.0,[],[],[]
32887,[],0,0.0,0.0,0.0,0.0,0.0,0.0,[],[],[]
32888,[],0,0.0,0.0,0.0,0.0,0.0,0.0,[],[],[]
32889,[],0,0.0,0.0,0.0,0.0,0.0,0.0,[],[],[]
32890,[3868],1,61.900000000001455,61.900000000001455,41.900000000001455,41.900000000001455,103.80000000000291,103.80000000000291,[61.9],[41.9],[103.8]
32891,[3868],1,61.900000000001455,61.900000000001455,41.900000000001455,41.900000000001455,103.80000000000291,103.80000000000291,[61.9],[41.9],[103.8]
32892,[3868],1,61.900000000001455,61.900000000001455,41.900000000001455,41.900000000001455,103.80000000000291,103.80000000000291,[61.9],[41.9],[103.8]
32893,[3868],1,61.900000000001455,61.900000000001455,41.900000000001455,41.900000000001455,103.80000000000291,103.80000000000291,[61.9],[41.9],[103.8]
32894,[3868],1,61.900000000001455,61.900000000001455,41.900000000001455,41.900000000001455,103.80000000000291,103.80000000000291,[61.9],[41.9],[103.8]
32895,[3868],1,61.900000000001455,61.900000000001455,41.900000000001455,41.900000000001455,103.80000000000291,103.80000000000291,[61.9],[41.9],[103.8]
32896,[3868],1,61.900000000001455,61.900000000001455,41.900000000001455,41.900000000001455,103.80000000000291,103.80000000000291,[61.9],[41.9],[103.8]
32897,[3868],1,61.900000000001455,61.900000000001455,41.900000000001455,41.900000000001455,103.80000000000291,103.80000000000291,[61.9],[41.9],[103.8]
32898,[3868],1,61.900000000001455,61.900000000001455,41.900000000001455,41.900000000001455,103.80000000000291,103.80000000000291,[61.9],[41.9],[103.8]
32899,[3868],1,61.900000000001455,61.900000000001455,41.900000000001455,41.900000000001455,103.80000000000291,103.80000000000291,[61.9],[41.9],[103.8]
32900,[3868],1,61.900000000001455,61.900000000001455,41.900000000001455,41.900000000001455,103.80000000000291,103.80000000000291,[61.9],[41.9],[103.8]
32901,[3868],1,61.900000000001455,61.900000000001455,41.900000000001455,41.900000000001455,103.80000000000291,103.80000000000291,[61.9],[41.9],[103.8]
32902,[3868],1,61.900000000001455,61.900000000001455,41.900000000001455,41.900000000001455,103.80000000000291,103.80000000000291,[61.9],[41.9],[103.8]
32903,[3868],1,61.900000000001455,61.900000000001455,41.900000000001455,41.900000000001455,103.80000000000291,103.80000000000291,[61.9],[41.9],[103.8]
32904,[3868],1,61.900000000001455,61.900000000001455,41.900000000001455,41.900000000001455,103.80000000000291,103.80000000000291,[61.9],[41.9],[103.8]
32905,[3868],1,61.900000000001455,61.900000000001455,41.900000000001455,41.900000000001455,103.80000000000291,103.80000000000291,[61.9],[41.9],[103.8]
32906,[3868],1,61.900000000001455,61.900000000001455,41.900000000001455,41.900000000001455,103.80000000000291,103.80000000000291,[61.9],[41.9],[103.8]
32907,[3868],1,61.900000000001455,61.900000000001455,41.900000000001455,41.900000000001455,103.80000000000291,103.80000000000291,[61.9],[41.9],[103.8]
32908,[3868],1,61.900000000001455,61.900000000001455,41.900000000001455,41.900000000001455,103.80000000000291,103.80000000000291,[61.9],[41.9],[103.8]
32909,[3868],1,61.900000000001455,61.900000000001455,41.900000000001455,41.900000000001455,103.80000000000291,103.80000000000291,[61.9],[41.9],[103.8]
32910,[3868],1,61.900000000001455,61.900000000001455,41.900000000001455,41.900000000001455,103.80000000000291,103.80000000000291,[61.9],[41.9],[103.8]
32911,[3868],1,61.900000000001455,61.900000000001455,41.900000000001455,41.900000000001455,103.80000000000291,103.80000000000291,[61.9],[41.9],[103.8]
32912,[3868],1,61.900000000001455,61.900000000001455,41.900000000001455,41.900000000001455,103.80000000000291,103.80000000000291,[61.9],[41.9],[103.8]
32913,[3868],1,61.900000000001455,61.900000000001455,41.900000000001455,41.900000000001455,103.80000000000291,103.80000000000291,[61.9],[41.9],[103.8]
32914,[3868],1,61.900000000001455,61.900000000001455,41.900000000001455,41.900000000001455,103.80000000000291,103.80000000000291,[61.9],[41.9],[103.8]
32915,[3868],1,61.900000000001455,61.900000000001455,41.900000000001455,41.900000000001455,103.80000000000291,103.80000000000291,[61.9],[41.9],[103.8]
32916,[3868],1,61.900000000001455,61.900000000001455,41.900000000001455,41.900000000001455,103.80000000000291,103.80000000000291,[61.9],[41.9],[103.8]
32917,[3868],1,61.900000000001455,61.900000000001455,41.900000000001455,41.900000000001455,103.80000000000291,103.80000000000291,[61.9],[41.9],[103.8]
32918,[3868],1,61.900000000001455,61.900000000001455,41.900000000001455,41.900000000001455,103.80000000000291,103.80000000000291,[61.9],[41.9],[103.8]
32919,[3868],1,61.900000000001455,61.900000000001455,41.900000000001455,41.900000000001455,103.80000000000291,103.80000000000291,[61.9],[41.9],[103.8]
32920,[3868],1,61.900000000001455,61.900000000001455,41.900000000001455,41.900000000001455,103.80000000000291,103.80000000000291,[61.9],[41.9],[103.8]
32921,[3868],1,61.900000000001455,61.900000000001455,41.900000000001455,41.900000000001455,103.80000000000291,103.80000000000291,[61.9],[41.9],[103.8]
32922,[3868],1,61.900000000001455,61.900000000001455,41.900000000001455,41.900000000001455,103.80000000000291,103.80000000000291,[61.9],[41.9],[103.8]
32923,[3868],1,61.900000000001455,61.900000000001455,41.900000000001455,41.900000000001455,103.80000000000291,103.80000000000291,[61.9],[41.9],[103.8]
32924,[3868],1,61.900000000001455,61.900000000001455,41.900000000001455,41.900000000001455,103.80000000000291,103.80000000000291,[61.9],[41.9],[103.8]
32925,[3868],1,61.900000000001455,61.900000000001455,41.900000000001455,41.900000000001455,103.80000000000291,103.80000000000291,[61.9],[41.9],[103.8]
32926,[3868],1,61.900000000001455,61.900000000001455,41.900000000001455,41.900000000001455,103.80000000000291,103.80000000000291,[61.9],[41.9],[103.8]
32927,[3868],1,61.900000000001455,61.900000000001455,41.900000000001455,41.900000000001455,103.80000000000291,103.80000000000291,[61.9],[41.9],[103.8]
32928,[3868],1,61.900000000001455,61.900000000001455,41.900000000001455,41.900000000001455,103.80000000000291,103.80000000000291,[61.9],[41.9],[103.8]
32929,[3868],1,61.900000000001455,61.900000000001455,41.900000000001455,41.900000000001455,103.80000000000291,103.80000000000291,[61.9],[41.9],[103.8]
32930,[3868],1,61.900000000001455,61.900000000001455,41.900000000001455,41.900000000001455,103.80000000000291,103.80000000000291,[61.9],[41.9],[103.8]
32931,[3868],1,61.900000000001455,61.900000000001455,41.900000000001455,41.900000000001455,103.80000000000291,103.80000000000291,[61.9],[41.9],[103.8]
32932,[3868],1,61.900000000001455,61.900000000001455,41.900000000001455,41.900000000001455,103.80000000000291,103.80000000000291,[61.9],[41.9],[103.8]
32933,[3868],1,61.900000000001455,61.900000000001455,41.900000000001455,41.900000000001455,103.80000000000291,103.80000000000291,[61.9],[41.9],[103.8]
32934,[3868],1,61.900000000001455,61.900000000001455,41.900000000001455,41.900000000001455,103.80000000000291,103.80000000000291,[61.9],[41.9],[103.8]
32935,[3868],1,61.900000000001455,61.900000000001455,41.900000000001455,41.900000000001455,103.80000000000291,103.80000000000291,[61.9],[41.9],[103.8]
32936,[3868],1,61.900000000001455,61.900000000001455,41.900000000001455,41.900000000001455,103.80000000000291,103.80000000000291,[61.9],[41.9],[103.8]
32937,[3868],1,61.900000000001455,61.900000000001455,41.900000000001455,41.900000000001455,103.80000000000291,103.80000000000291,[61.9],[41.9],[103.8]
32938,[3868],1,61.900000000001455,61.900000000001455,41.900000000001455,41.900000000001455,103.80000000000291,103.80000000000291,[61.9],[41.9],[103.8]
32939,[3868],1,61.900000000001455,61.900000000001455,41.900000000001455,41.900000000001455,103.80000000000291,103.80000000000291,[61.9],[41.9],[103.8]
32940,[3868],1,61.900000000001455,61.900000000001455,41.900000000001455,41.900000000001455,103.80000000000291,103.80000000000291,[61.9],[41.9],[103.8]
32941,[3868],1,61.900000000001455,61.900000000001455,41.900000000001455,41.900000000001455,103.80000000000291,103.80000000000291,[61.9],[41.9],[103.8]
32942,[3868],1,61.900000000001455,61.900000000001455,41.900000000001455,41.900000000001455,103.80000000000291,103.80000000000291,[61.9],[41.9],[103.8]
32943,[3868],1,61.900000000001455,61.900000000001455,41.900000000001455,41.900000000001455,103.80000000000291,103.80000000000291,[61.9],[41.9],[103.8]
32944,[3868],1,61.900000000001455,61.900000000001455,41.900000000001455,41.900000000001455,103.80000000000291,103.80000000000291,[61.9],[41.9],[103.8]
32945,[3868],1,61.900000000001455,61.900000000001455,41.900000000001455,41.900000000001455,103.80000000000291,103.80000000000291,[61.9],[41.9],[103.8]
32946,[3868],1,61.900000000001455,61.900000000001455,41.900000000001455,41.900000000001455,103.80000000000291,103.80000000000291,[61.9],[41.9],[103.8]
32947,[3868],1,61.900000000001455,61.900000000001455,41.900000000001455,41.900000000001455,103.80000000000291,103.80000000000291,[61.9],[41.9],[103.8]
32948,[3868],1,61.900000000001455,61.900000000001455,41.900000000001455,41.900000000001455,103.80000000000291,103.80000000000291,[61.9],[41.9],[103.8]
32949,[3868],1,61.900000000001455,61.900000000001455,41.900000000001455,41.900000000001455,103.80000000000291,103.80000000000291,[61.9],[41.9],[103.8]
32950,[3868],1,61.900000000001455,61.900000000001455,41.900000000001455,41.900000000001455,103.80000000000291,103.80000000000291,[61.9],[41.9],[103.8]
32951,[3868],1,61.900000000001455,61.900000000001455,41.900000000001455,41.900000000001455,103.80000000000291,103.80000000000291,[61.9],[41.9],[103.8]
32952,[],0,0.0,0.0,0.0,0.0,0.0,0.0,[],[],[]
32953,[],0,0.0,0.0,0.0,0.0,0.0,0.0,[],[],[]
32954,[],0,0.0,0.0,0.0,0.0,0.0,0.0,[],[],[]
32955,[],0,0.0,0.0,0.0,0.0,0.0,0.0,[],[],[]
32956,[],0,0.0,0.0,0.0,0.0,0.0,0.0,[],[],[]
32957,[],0,0.0,0.0,0.0,0.0,0.0,0.0,[],[],[]
32958,[],0,0.0,0.0,0.0,0.0,0.0,0.0,[],[],[]
32959,[],0,0.0,0.0,0.0,0.0,0.0,0.0,[],[],[]
32960,[],0,0.0,0.0,0.0,0.0,0.0,0.0,[],[],[]
32961,[],0,0.0,0.0,0.0,0.0,0.0,0.0,[],[],[]
32962,[],0,0.0,0.0,0.0,0.0,0.0,0.0,[],[],[]
32963,[],0,0.0,0.0,0.0,0.0,0.0,0.0,[],[],[]
32964,[],0,0.0,0.0,0.0,0.0,0.0,0.0,[],[],[]
32965,[],0,0.0,0.0,0.0,0.0,0.0,0.0,[],[],[]
32966,[],0,0.0,0.0,0.0,0.0,0.0,0.0,[],[],[]
32967,[],0,0.0,0.0,0.0,0.0,0.0,0.0,[],[],[]
32968,[],0,0.0,0.0,0.0,0.0,0.0,0.0,[],[],[]
32969,[],0,0.0,0.0,0.0,0.0,0.0,0.0,[],[],[]
32970,[],0,0.0,0.0,0.0,0.0,0.0,0.0,[],[],[]
32971,[],0,0.0,0.0,0.0,0.0,0.0,0.0,[],[],[]
32972,[],0,0.0,0.0,0.0,0.0,0.0,0.0,[],[],[]
32973,[],0,0.0,0.0,0.0,0.0,0.0,0.0,[],[],[]
32974,[],0,0.0,0.0,0.0,0.0,0.0,0.0,[],[],[]
32975,[],0,0.0,0.0,0.0,0.0,0.0,0.0,[],[],[]
32976,[],0,0.0,0.0,0.0,0.0,0.0,0.0,[],[],[]
32977,[],0,0.0,0.0,0.0,0.0,0.0,0.0,[],[],[]
32978,[],0,0.0,0.0,0.0,0.0,0.0,0.0,[],[],[]
32979,[],0,0.0,0.0,0.0,0.0,0.0,0.0,[],[],[]
32980,[],0,0.0,0.0,0.0,0.0,0.0,0.0,[],[],[]
32981,[],0,0.0,0.0,0.0,0.0,0.0,0.0,[],[],[]
32982,[],0,0.0,0.0,0.0,0.0,0.0,0.0,[],[],[]
32983,[],0,0.0,0.0,0.0,0.0,0.0,0.0,[],[],[]
32984,[],0,0.0,0.0,0.0,0.0,0.0,0.0,[],[],[]
32985,[],0,0.0,0.0,0.0,0.0,0.0,0.0,[],[],[]
32986,[],0,0.0,0.0,0.0,0.0,0.0,0.0,[],[],[]
32987,[],0,0.0,0.0,0.0,0.0,0.0,0.0,[],[],[]
32988,[],0,0.0,0.0,0.0,0.0,0.0,0.0,[],[],[]
32989,[],0,0.0,0.0,0.0,0.0,0.0,0.0,[],[],[]
32990,[],0,0.0,0.0,0.0,0.0,0.0,0.0,[],[],[]
32991,[3964],1,0.0,0.0,103.90000000000146,103.90000000000146,103.90000000000146,103.90000000000146,[0.],[103.9],[103.9]
32992,[],0,0.0,0.0,0.0,0.0,0.0,0.0,[],[],[]
32993,[],0,0.0,0.0,0.0,0.0,0.0,0.0,[],[],[]
32994,[],0,0.0,0.0,0.0,0.0,0.0,0.0,[],[],[]
32995,[],0,0.0,0.0,0.0,0.0,0.0,0.0,[],[],[]
32996,[],0,0.0,0.0,0.0,0.0,0.0,0.0,[],[],[]
32997,[],0,0.0,0.0,0.0,0.0,0.0,0.0,[],[],[]
32998,[],0,0.0,0.0,0.0,0.0,0.0,0.0,[],[],[]
32999,[],0,0.0,0.0,0.0,0.0,0.0,0.0,[],[],[]
33000,[3973],1,97.90000000000146,97.90000000000146,44.099999999998545,44.099999999998545,142.0,142.0,[97.9],[44.1],[142.]
33001,[3973],1,97.90000000000146,97.90000000000146,44.099999999998545,44.099999999998545,142.0,142.0,[97.9],[44.1],[142.]
33002,[3973],1,97.90000000000146,97.90000000000146,44.099999999998545,44.099999999998545,142.0,142.0,[97.9],[44.1],[142.]
33003,[3973],1,97.90000000000146,97.90000000000146,44.099999999998545,44.099999999998545,142.0,142.0,[97.9],[44.1],[142.]
33004,[3973],1,97.90000000000146,97.90000000000146,44.099999999998545,44.099999999998545,142.0,142.0,[97.9],[44.1],[142.]
33005,[3973],1,97.90000000000146,97.90000000000146,44.099999999998545,44.099999999998545,142.0,142.0,[97.9],[44.1],[142.]
33006,[3973],1,97.90000000000146,97.90000000000146,44.099999999998545,44.099999999998545,142.0,142.0,[97.9],[44.1],[142.]
33007,[3973],1,97.90000000000146,97.90000000000146,44.099999999998545,44.099999999998545,142.0,142.0,[97.9],[44.1],[142.]
33008,[3973],1,97.90000000000146,97.90000000000146,44.099999999998545,44.099999999998545,142.0,142.0,[97.9],[44.1],[142.]
33009,[3973],1,97.90000000000146,97.90000000000146,44.099999999998545,44.099999999998545,142.0,142.0,[97.9],[44.1],[142.]
33010,[3973],1,97.90000000000146,97.90000000000146,44.099999999998545,44.099999999998545,142.0,142.0,[97.9],[44.1],[142.]
33011,[3973],1,97.90000000000146,97.90000000000146,44.099999999998545,44.099999999998545,142.0,142.0,[97.9],[44.1],[142.]
33012,[3973],1,97.90000000000146,97.90000000000146,44.099999999998545,44.099999999998545,142.0,142.0,[97.9],[44.1],[142.]
33013,[3973],1,97.90000000000146,97.90000000000146,44.099999999998545,44.099999999998545,142.0,142.0,[97.9],[44.1],[142.]
33014,[3973],1,97.90000000000146,97.90000000000146,44.099999999998545,44.099999999998545,142.0,142.0,[97.9],[44.1],[142.]
33015,[3973],1,97.90000000000146,97.90000000000146,44.099999999998545,44.099999999998545,142.0,142.0,[97.9],[44.1],[142.]
33016,[3973],1,97.90000000000146,97.90000000000146,44.099999999998545,44.099999999998545,142.0,142.0,[97.9],[44.1],[142.]
33017,[3973],1,97.90000000000146,97.90000000000146,44.099999999998545,44.099999999998545,142.0,142.0,[97.9],[44.1],[142.]
33018,[3973],1,97.90000000000146,97.90000000000146,44.099999999998545,44.099999999998545,142.0,142.0,[97.9],[44.1],[142.]
33019,[3973],1,97.90000000000146,97.90000000000146,44.099999999998545,44.099999999998545,142.0,142.0,[97.9],[44.1],[142.]
33020,[3973],1,97.90000000000146,97.90000000000146,44.099999999998545,44.099999999998545,142.0,142.0,[97.9],[44.1],[142.]
33021,[3973],1,97.90000000000146,97.90000000000146,44.099999999998545,44.099999999998545,142.0,142.0,[97.9],[44.1],[142.]
33022,[3973],1,97.90000000000146,97.90000000000146,44.099999999998545,44.099999999998545,142.0,142.0,[97.9],[44.1],[142.]
33023,[3973],1,97.90000000000146,97.90000000000146,44.099999999998545,44.099999999998545,142.0,142.0,[97.9],[44.1],[142.]
33024,[3973],1,97.90000000000146,97.90000000000146,44.099999999998545,44.099999999998545,142.0,142.0,[97.9],[44.1],[142.]
33025,[3973],1,97.90000000000146,97.90000000000146,44.099999999998545,44.099999999998545,142.0,142.0,[97.9],[44.1],[142.]
33026,[3973],1,97.90000000000146,97.90000000000146,44.099999999998545,44.099999999998545,142.0,142.0,[97.9],[44.1],[142.]
33027,[3973],1,97.90000000000146,97.90000000000146,44.099999999998545,44.099999999998545,142.0,142.0,[97.9],[44.1],[142.]
33028,[3973],1,97.90000000000146,97.90000000000146,44.099999999998545,44.099999999998545,142.0,142.0,[97.9],[44.1],[142.]
33029,[3973],1,97.90000000000146,97.90000000000146,44.099999999998545,44.099999999998545,142.0,142.0,[97.9],[44.1],[142.]
33030,[3973],1,97.90000000000146,97.90000000000146,44.099999999998545,44.099999999998545,142.0,142.0,[97.9],[44.1],[142.]
33031,[3973],1,97.90000000000146,97.90000000000146,44.099999999998545,44.099999999998545,142.0,142.0,[97.9],[44.1],[142.]
33032,[3973],1,97.90000000000146,97.90000000000146,44.099999999998545,44.099999999998545,142.0,142.0,[97.9],[44.1],[142.]
33033,[3973],1,97.90000000000146,97.90000000000146,44.099999999998545,44.099999999998545,142.0,142.0,[97.9],[44.1],[142.]
33034,[3973],1,97.90000000000146,97.90000000000146,44.099999999998545,44.099999999998545,142.0,142.0,[97.9],[44.1],[142.]
33035,[3973],1,97.90000000000146,97.90000000000146,44.099999999998545,44.099999999998545,142.0,142.0,[97.9],[44.1],[142.]
33036,[3973],1,97.90000000000146,97.90000000000146,44.099999999998545,44.099999999998545,142.0,142.0,[97.9],[44.1],[142.]
33037,[3973],1,97.90000000000146,97.90000000000146,44.099999999998545,44.099999999998545,142.0,142.0,[97.9],[44.1],[142.]
33038,[3973],1,97.90000000000146,97.90000000000146,44.099999999998545,44.099999999998545,142.0,142.0,[97.9],[44.1],[142.]
33039,[3973],1,97.90000000000146,97.90000000000146,44.099999999998545,44.099999999998545,142.0,142.0,[97.9],[44.1],[142.]
33040,[3973],1,97.90000000000146,97.90000000000146,44.099999999998545,44.099999999998545,142.0,142.0,[97.9],[44.1],[142.]
33041,[3973],1,97.90000000000146,97.90000000000146,44.099999999998545,44.099999999998545,142.0,142.0,[97.9],[44.1],[142.]
33042,[3973],1,97.90000000000146,97.90000000000146,44.099999999998545,44.099999999998545,142.0,142.0,[97.9],[44.1],[142.]
33043,[3973],1,97.90000000000146,97.90000000000146,44.099999999998545,44.099999999998545,142.0,142.0,[97.9],[44.1],[142.]
33044,[3973],1,97.90000000000146,97.90000000000146,44.099999999998545,44.099999999998545,142.0,142.0,[97.9],[44.1],[142.]
33045,[3973],1,97.90000000000146,97.90000000000146,44.099999999998545,44.099999999998545,142.0,142.0,[97.9],[44.1],[142.]
33046,[3973],1,97.90000000000146,97.90000000000146,44.099999999998545,44.099999999998545,142.0,142.0,[97.9],[44.1],[142.]
33047,[3973],1,97.90000000000146,97.90000000000146,44.099999999998545,44.099999999998545,142.0,142.0,[97.9],[44.1],[142.]
33048,[3973],1,97.90000000000146,97.90000000000146,44.099999999998545,44.099999999998545,142.0,142.0,[97.9],[44.1],[142.]
33049,[3973],1,97.90000000000146,97.90000000000146,44.099999999998545,44.099999999998545,142.0,142.0,[97.9],[44.1],[142.]
33050,[3973],1,97.90000000000146,97.90000000000146,44.099999999998545,44.099999999998545,142.0,142.0,[97.9],[44.1],[142.]
33051,[3973],1,97.90000000000146,97.90000000000146,44.099999999998545,44.099999999998545,142.0,142.0,[97.9],[44.1],[142.]
33052,[3973],1,97.90000000000146,97.90000000000146,44.099999999998545,44.099999999998545,142.0,142.0,[97.9],[44.1],[142.]
33053,[3973],1,97.90000000000146,97.90000000000146,44.099999999998545,44.099999999998545,142.0,142.0,[97.9],[44.1],[142.]
33054,[3973],1,97.90000000000146,97.90000000000146,44.099999999998545,44.099999999998545,142.0,142.0,[97.9],[44.1],[142.]
33055,[3973],1,97.90000000000146,97.90000000000146,44.099999999998545,44.099999999998545,142.0,142.0,[97.9],[44.1],[142.]
33056,[3973],1,97.90000000000146,97.90000000000146,44.099999999998545,44.099999999998545,142.0,142.0,[97.9],[44.1],[142.]
33057,[3973 4020],2,69.40000000000146,97.90000000000146,44.099999999998545,44.099999999998545,113.5,142.0,[97.9 40.9],[44.1 44.1],[142.  85.]
33058,[3973 4020],2,69.40000000000146,97.90000000000146,44.099999999998545,44.099999999998545,113.5,142.0,[97.9 40.9],[44.1 44.1],[142.  85.]
33059,[3973 4020],2,69.40000000000146,97.90000000000146,44.099999999998545,44.099999999998545,113.5,142.0,[97.9 40.9],[44.1 44.1],[142.  85.]
33060,[3973 4020],2,69.40000000000146,97.90000000000146,44.099999999998545,44.099999999998545,113.5,142.0,[97.9 40.9],[44.1 44.1],[142.  85.]
33061,[3973 4020],2,69.40000000000146,97.90000000000146,44.099999999998545,44.099999999998545,113.5,142.0,[97.9 40.9],[44.1 44.1],[142.  85.]
33062,[3973 4020],2,69.40000000000146,97.90000000000146,44.099999999998545,44.099999999998545,113.5,142.0,[97.9 40.9],[44.1 44.1],[142.  85.]
33063,[3973 4020],2,69.40000000000146,97.90000000000146,44.099999999998545,44.099999999998545,113.5,142.0,[97.9 40.9],[44.1 44.1],[142.  85.]
33064,[3973 4020],2,69.40000000000146,97.90000000000146,44.099999999998545,44.099999999998545,113.5,142.0,[97.9 40.9],[44.1 44.1],[142.  85.]
33065,[3973 4020],2,69.40000000000146,97.90000000000146,44.099999999998545,44.099999999998545,113.5,142.0,[97.9 40.9],[44.1 44.1],[142.  85.]
33066,[3973 4020],2,69.40000000000146,97.90000000000146,44.099999999998545,44.099999999998545,113.5,142.0,[97.9 40.9],[44.1 44.1],[142.  85.]
33067,[3973 4020],2,69.40000000000146,97.90000000000146,44.099999999998545,44.099999999998545,113.5,142.0,[97.9 40.9],[44.1 44.1],[142.  85.]
33068,[3973 4020],2,69.40000000000146,97.90000000000146,44.099999999998545,44.099999999998545,113.5,142.0,[97.9 40.9],[44.1 44.1],[142.  85.]
33069,[3973 4020],2,69.40000000000146,97.90000000000146,44.099999999998545,44.099999999998545,113.5,142.0,[97.9 40.9],[44.1 44.1],[142.  85.]
33070,[3973 4020],2,69.40000000000146,97.90000000000146,44.099999999998545,44.099999999998545,113.5,142.0,[97.9 40.9],[44.1 44.1],[142.  85.]
33071,[3973 4020],2,69.40000000000146,97.90000000000146,44.099999999998545,44.099999999998545,113.5,142.0,[97.9 40.9],[44.1 44.1],[142.  85.]
33072,[3973 4020],2,69.40000000000146,97.90000000000146,44.099999999998545,44.099999999998545,113.5,142.0,[97.9 40.9],[44.1 44.1],[142.  85.]
33073,[3973 4020],2,69.40000000000146,97.90000000000146,44.099999999998545,44.099999999998545,113.5,142.0,[97.9 40.9],[44.1 44.1],[142.  85.]
33074,[3973 4020],2,69.40000000000146,97.90000000000146,44.099999999998545,44.099999999998545,113.5,142.0,[97.9 40.9],[44.1 44.1],[142.  85.]
33075,[3973 4020],2,69.40000000000146,97.90000000000146,44.099999999998545,44.099999999998545,113.5,142.0,[97.9 40.9],[44.1 44.1],[142.  85.]
33076,[3973 4020],2,69.40000000000146,97.90000000000146,44.099999999998545,44.099999999998545,113.5,142.0,[97.9 40.9],[44.1 44.1],[142.  85.]
33077,[3973 4020],2,69.40000000000146,97.90000000000146,44.099999999998545,44.099999999998545,113.5,142.0,[97.9 40.9],[44.1 44.1],[142.  85.]
33078,[3973 4020],2,69.40000000000146,97.90000000000146,44.099999999998545,44.099999999998545,113.5,142.0,[97.9 40.9],[44.1 44.1],[142.  85.]
33079,[3973 4020],2,69.40000000000146,97.90000000000146,44.099999999998545,44.099999999998545,113.5,142.0,[97.9 40.9],[44.1 44.1],[142.  85.]
33080,[3973 4020],2,69.40000000000146,97.90000000000146,44.099999999998545,44.099999999998545,113.5,142.0,[97.9 40.9],[44.1 44.1],[142.  85.]
33081,[3973 4020],2,69.40000000000146,97.90000000000146,44.099999999998545,44.099999999998545,113.5,142.0,[97.9 40.9],[44.1 44.1],[142.  85.]
33082,[3973 4020],2,69.40000000000146,97.90000000000146,44.099999999998545,44.099999999998545,113.5,142.0,[97.9 40.9],[44.1 44.1],[142.  85.]
33083,[3973 4020],2,69.40000000000146,97.90000000000146,44.099999999998545,44.099999999998545,113.5,142.0,[97.9 40.9],[44.1 44.1],[142.  85.]
33084,[3973 4020 4053],3,50.900000000001455,97.90000000000146,44.099999999998545,44.099999999998545,95.0,142.0,[97.9 40.9 13.9],[44.1 44.1 44.1],[142.  85.  58.]
33085,[3973 4020 4053],3,50.900000000001455,97.90000000000146,44.099999999998545,44.099999999998545,95.0,142.0,[97.9 40.9 13.9],[44.1 44.1 44.1],[142.  85.  58.]
33086,[3973 4020 4053],3,50.900000000001455,97.90000000000146,44.099999999998545,44.099999999998545,95.0,142.0,[97.9 40.9 13.9],[44.1 44.1 44.1],[142.  85.  58.]
33087,[3973 4020 4053],3,50.900000000001455,97.90000000000146,44.099999999998545,44.099999999998545,95.0,142.0,[97.9 40.9 13.9],[44.1 44.1 44.1],[142.  85.  58.]
33088,[3973 4020 4053],3,50.900000000001455,97.90000000000146,44.099999999998545,44.099999999998545,95.0,142.0,[97.9 40.9 13.9],[44.1 44.1 44.1],[142.  85.  58.]
33089,[3973 4020 4053],3,50.900000000001455,97.90000000000146,44.099999999998545,44.099999999998545,95.0,142.0,[97.9 40.9 13.9],[44.1 44.1 44.1],[142.  85.  58.]
33090,[3973 4020 4053],3,50.900000000001455,97.90000000000146,44.099999999998545,44.099999999998545,95.0,142.0,[97.9 40.9 13.9],[44.1 44.1 44.1],[142.  85.  58.]
33091,[3973 4020 4053],3,50.900000000001455,97.90000000000146,44.099999999998545,44.099999999998545,95.0,142.0,[97.9 40.9 13.9],[44.1 44.1 44.1],[142.  85.  58.]
33092,[3973 4020 4053],3,50.900000000001455,97.90000000000146,44.099999999998545,44.099999999998545,95.0,142.0,[97.9 40.9 13.9],[44.1 44.1 44.1],[142.  85.  58.]
33093,[3973 4020 4053],3,50.900000000001455,97.90000000000146,44.099999999998545,44.099999999998545,95.0,142.0,[97.9 40.9 13.9],[44.1 44.1 44.1],[142.  85.  58.]
33094,[3973 4020 4053],3,50.900000000001455,97.90000000000146,44.099999999998545,44.099999999998545,95.0,142.0,[97.9 40.9 13.9],[44.1 44.1 44.1],[142.  85.  58.]
33095,[3973 4020 4053],3,50.900000000001455,97.90000000000146,44.099999999998545,44.099999999998545,95.0,142.0,[97.9 40.9 13.9],[44.1 44.1 44.1],[142.  85.  58.]
33096,[3973 4020 4053],3,50.900000000001455,97.90000000000146,44.099999999998545,44.099999999998545,95.0,142.0,[97.9 40.9 13.9],[44.1 44.1 44.1],[142.  85.  58.]
33097,[3973 4020 4053],3,50.900000000001455,97.90000000000146,44.099999999998545,44.099999999998545,95.0,142.0,[97.9 40.9 13.9],[44.1 44.1 44.1],[142.  85.  58.]
33098,[],0,0.0,0.0,0.0,0.0,0.0,0.0,[],[],[]
33099,[],0,0.0,0.0,0.0,0.0,0.0,0.0,[],[],[]
33100,[],0,0.0,0.0,0.0,0.0,0.0,0.0,[],[],[]
33101,[],0,0.0,0.0,0.0,0.0,0.0,0.0,[],[],[]
33102,[],0,0.0,0.0,0.0,0.0,0.0,0.0,[],[],[]
33103,[],0,0.0,0.0,0.0,0.0,0.0,0.0,[],[],[]
33104,[],0,0.0,0.0,0.0,0.0,0.0,0.0,[],[],[]
33105,[],0,0.0,0.0,0.0,0.0,0.0,0.0,[],[],[]
33106,[],0,0.0,0.0,0.0,0.0,0.0,0.0,[],[],[]
33107,[],0,0.0,0.0,0.0,0.0,0.0,0.0,[],[],[]
33108,[],0,0.0,0.0,0.0,0.0,0.0,0.0,[],[],[]
33109,[],0,0.0,0.0,0.0,0.0,0.0,0.0,[],[],[]
33110,[],0,0.0,0.0,0.0,0.0,0.0,0.0,[],[],[]
33111,[],0,0.0,0.0,0.0,0.0,0.0,0.0,[],[],[]
33112,[],0,0.0,0.0,0.0,0.0,0.0,0.0,[],[],[]
33113,[],0,0.0,0.0,0.0,0.0,0.0,0.0,[],[],[]
33114,[4088],1,154.8000000000029,154.8000000000029,42.5,42.5,197.3000000000029,197.3000000000029,[154.8],[42.5],[197.3]
33115,[4088],1,154.8000000000029,154.8000000000029,42.5,42.5,197.3000000000029,197.3000000000029,[154.8],[42.5],[197.3]
33116,[4088],1,154.8000000000029,154.8000000000029,42.5,42.5,197.3000000000029,197.3000000000029,[154.8],[42.5],[197.3]
33117,[4088],1,154.8000000000029,154.8000000000029,42.5,42.5,197.3000000000029,197.3000000000029,[154.8],[42.5],[197.3]
33118,[4088],1,154.8000000000029,154.8000000000029,42.5,42.5,197.3000000000029,197.3000000000029,[154.8],[42.5],[197.3]
33119,[4088],1,154.8000000000029,154.8000000000029,42.5,42.5,197.3000000000029,197.3000000000029,[154.8],[42.5],[197.3]
33120,[4088],1,154.8000000000029,154.8000000000029,42.5,42.5,197.3000000000029,197.3000000000029,[154.8],[42.5],[197.3]
33121,[4088],1,154.8000000000029,154.8000000000029,42.5,42.5,197.3000000000029,197.3000000000029,[154.8],[42.5],[197.3]
33122,[4088],1,154.8000000000029,154.8000000000029,42.5,42.5,197.3000000000029,197.3000000000029,[154.8],[42.5],[197.3]
33123,[4088],1,154.8000000000029,154.8000000000029,42.5,42.5,197.3000000000029,197.3000000000029,[154.8],[42.5],[197.3]
33124,[4088],1,154.8000000000029,154.8000000000029,42.5,42.5,197.3000000000029,197.3000000000029,[154.8],[42.5],[197.3]
33125,[4088],1,154.8000000000029,154.8000000000029,42.5,42.5,197.3000000000029,197.3000000000029,[154.8],[42.5],[197.3]
33126,[4088],1,154.8000000000029,154.8000000000029,42.5,42.5,197.3000000000029,197.3000000000029,[154.8],[42.5],[197.3]
33127,[4088],1,154.8000000000029,154.8000000000029,42.5,42.5,197.3000000000029,197.3000000000029,[154.8],[42.5],[197.3]
33128,[4088],1,154.8000000000029,154.8000000000029,42.5,42.5,197.3000000000029,197.3000000000029,[154.8],[42.5],[197.3]
33129,[4088],1,154.8000000000029,154.8000000000029,42.5,42.5,197.3000000000029,197.3000000000029,[154.8],[42.5],[197.3]
33130,[4088],1,154.8000000000029,154.8000000000029,42.5,42.5,197.3000000000029,197.3000000000029,[154.8],[42.5],[197.3]
33131,[4088],1,154.8000000000029,154.8000000000029,42.5,42.5,197.3000000000029,197.3000000000029,[154.8],[42.5],[197.3]
33132,[4088],1,154.8000000000029,154.8000000000029,42.5,42.5,197.3000000000029,197.3000000000029,[154.8],[42.5],[197.3]
33133,[4088],1,154.8000000000029,154.8000000000029,42.5,42.5,197.3000000000029,197.3000000000029,[154.8],[42.5],[197.3]
33134,[4088],1,154.8000000000029,154.8000000000029,42.5,42.5,197.3000000000029,197.3000000000029,[154.8],[42.5],[197.3]
33135,[4088],1,154.8000000000029,154.8000000000029,42.5,42.5,197.3000000000029,197.3000000000029,[154.8],[42.5],[197.3]
33136,[4088],1,154.8000000000029,154.8000000000029,42.5,42.5,197.3000000000029,197.3000000000029,[154.8],[42.5],[197.3]
33137,[4088],1,154.8000000000029,154.8000000000029,42.5,42.5,197.3000000000029,197.3000000000029,[154.8],[42.5],[197.3]
33138,[4088],1,154.8000000000029,154.8000000000029,42.5,42.5,197.3000000000029,197.3000000000029,[154.8],[42.5],[197.3]
33139,[4088],1,154.8000000000029,154.8000000000029,42.5,42.5,197.3000000000029,197.3000000000029,[154.8],[42.5],[197.3]
33140,[4088],1,154.8000000000029,154.8000000000029,42.5,42.5,197.3000000000029,197.3000000000029,[154.8],[42.5],[197.3]
33141,[4088],1,154.8000000000029,154.8000000000029,42.5,42.5,197.3000000000029,197.3000000000029,[154.8],[42.5],[197.3]
33142,[4088],1,154.8000000000029,154.8000000000029,42.5,42.5,197.3000000000029,197.3000000000029,[154.8],[42.5],[197.3]
33143,[4088],1,154.8000000000029,154.8000000000029,42.5,42.5,197.3000000000029,197.3000000000029,[154.8],[42.5],[197.3]
33144,[4088],1,154.8000000000029,154.8000000000029,42.5,42.5,197.3000000000029,197.3000000000029,[154.8],[42.5],[197.3]
33145,[4088],1,154.8000000000029,154.8000000000029,42.5,42.5,197.3000000000029,197.3000000000029,[154.8],[42.5],[197.3]
33146,[4088],1,154.8000000000029,154.8000000000029,42.5,42.5,197.3000000000029,197.3000000000029,[154.8],[42.5],[197.3]
33147,[4088],1,154.8000000000029,154.8000000000029,42.5,42.5,197.3000000000029,197.3000000000029,[154.8],[42.5],[197.3]
33148,[4088],1,154.8000000000029,154.8000000000029,42.5,42.5,197.3000000000029,197.3000000000029,[154.8],[42.5],[197.3]
33149,[4088],1,154.8000000000029,154.8000000000029,42.5,42.5,197.3000000000029,197.3000000000029,[154.8],[42.5],[197.3]
33150,[4088],1,154.8000000000029,154.8000000000029,42.5,42.5,197.3000000000029,197.3000000000029,[154.8],[42.5],[197.3]
33151,[4088],1,154.8000000000029,154.8000000000029,42.5,42.5,197.3000000000029,197.3000000000029,[154.8],[42.5],[197.3]
33152,[4088],1,154.8000000000029,154.8000000000029,42.5,42.5,197.3000000000029,197.3000000000029,[154.8],[42.5],[197.3]
33153,[4088],1,154.8000000000029,154.8000000000029,42.5,42.5,197.3000000000029,197.3000000000029,[154.8],[42.5],[197.3]
33154,[4088],1,154.8000000000029,154.8000000000029,42.5,42.5,197.3000000000029,197.3000000000029,[154.8],[42.5],[197.3]
33155,[4088],1,154.8000000000029,154.8000000000029,42.5,42.5,197.3000000000029,197.3000000000029,[154.8],[42.5],[197.3]
33156,[4088],1,154.8000000000029,154.8000000000029,42.5,42.5,197.3000000000029,197.3000000000029,[154.8],[42.5],[197.3]
33157,[4088],1,154.8000000000029,154.8000000000029,42.5,42.5,197.3000000000029,197.3000000000029,[154.8],[42.5],[197.3]
33158,[4088],1,154.8000000000029,154.8000000000029,42.5,42.5,197.3000000000029,197.3000000000029,[154.8],[42.5],[197.3]
33159,[4088],1,154.8000000000029,154.8000000000029,42.5,42.5,197.3000000000029,197.3000000000029,[154.8],[42.5],[197.3]
33160,[4088],1,154.8000000000029,154.8000000000029,42.5,42.5,197.3000000000029,197.3000000000029,[154.8],[42.5],[197.3]
33161,[4088],1,154.8000000000029,154.8000000000029,42.5,42.5,197.3000000000029,197.3000000000029,[154.8],[42.5],[197.3]
33162,[4088],1,154.8000000000029,154.8000000000029,42.5,42.5,197.3000000000029,197.3000000000029,[154.8],[42.5],[197.3]
33163,[4088],1,154.8000000000029,154.8000000000029,42.5,42.5,197.3000000000029,197.3000000000029,[154.8],[42.5],[197.3]
33164,[4088],1,154.8000000000029,154.8000000000029,42.5,42.5,197.3000000000029,197.3000000000029,[154.8],[42.5],[197.3]
33165,[4088],1,154.8000000000029,154.8000000000029,42.5,42.5,197.3000000000029,197.3000000000029,[154.8],[42.5],[197.3]
33166,[4088],1,154.8000000000029,154.8000000000029,42.5,42.5,197.3000000000029,197.3000000000029,[154.8],[42.5],[197.3]
33167,[4088],1,154.8000000000029,154.8000000000029,42.5,42.5,197.3000000000029,197.3000000000029,[154.8],[42.5],[197.3]
33168,[4088],1,154.8000000000029,154.8000000000029,42.5,42.5,197.3000000000029,197.3000000000029,[154.8],[42.5],[197.3]
33169,[4088],1,154.8000000000029,154.8000000000029,42.5,42.5,197.3000000000029,197.3000000000029,[154.8],[42.5],[197.3]
33170,[4088],1,154.8000000000029,154.8000000000029,42.5,42.5,197.3000000000029,197.3000000000029,[154.8],[42.5],[197.3]
33171,[4088],1,154.8000000000029,154.8000000000029,42.5,42.5,197.3000000000029,197.3000000000029,[154.8],[42.5],[197.3]
33172,[4088],1,154.8000000000029,154.8000000000029,42.5,42.5,197.3000000000029,197.3000000000029,[154.8],[42.5],[197.3]
33173,[4088],1,154.8000000000029,154.8000000000029,42.5,42.5,197.3000000000029,197.3000000000029,[154.8],[42.5],[197.3]
33174,[4088],1,154.8000000000029,154.8000000000029,42.5,42.5,197.3000000000029,197.3000000000029,[154.8],[42.5],[197.3]
33175,[4088],1,154.8000000000029,154.8000000000029,42.5,42.5,197.3000000000029,197.3000000000029,[154.8],[42.5],[197.3]
33176,[4088],1,154.8000000000029,154.8000000000029,42.5,42.5,197.3000000000029,197.3000000000029,[154.8],[42.5],[197.3]
33177,[4088],1,154.8000000000029,154.8000000000029,42.5,42.5,197.3000000000029,197.3000000000029,[154.8],[42.5],[197.3]
33178,[4088],1,154.8000000000029,154.8000000000029,42.5,42.5,197.3000000000029,197.3000000000029,[154.8],[42.5],[197.3]
33179,[4088],1,154.8000000000029,154.8000000000029,42.5,42.5,197.3000000000029,197.3000000000029,[154.8],[42.5],[197.3]
33180,[4088],1,154.8000000000029,154.8000000000029,42.5,42.5,197.3000000000029,197.3000000000029,[154.8],[42.5],[197.3]
33181,[4088 4140],2,78.55000000000291,154.8000000000029,63.54999999999927,84.59999999999854,142.10000000000218,197.3000000000029,[154.8   2.3],[42.5 84.6],[197.3  86.9]
33182,[4088 4140],2,78.55000000000291,154.8000000000029,63.54999999999927,84.59999999999854,142.10000000000218,197.3000000000029,[154.8   2.3],[42.5 84.6],[197.3  86.9]
33183,[4088 4140],2,78.55000000000291,154.8000000000029,63.54999999999927,84.59999999999854,142.10000000000218,197.3000000000029,[154.8   2.3],[42.5 84.6],[197.3  86.9]
33184,[4088],1,154.8000000000029,154.8000000000029,42.5,42.5,197.3000000000029,197.3000000000029,[154.8],[42.5],[197.3]
33185,[4088],1,154.8000000000029,154.8000000000029,42.5,42.5,197.3000000000029,197.3000000000029,[154.8],[42.5],[197.3]
33186,[4088 4147],2,77.40000000000146,154.8000000000029,62.20000000000073,81.90000000000146,139.60000000000218,197.3000000000029,[154.8   0. ],[42.5 81.9],[197.3  81.9]
33187,[4088],1,154.8000000000029,154.8000000000029,42.5,42.5,197.3000000000029,197.3000000000029,[154.8],[42.5],[197.3]
33188,[4088],1,154.8000000000029,154.8000000000029,42.5,42.5,197.3000000000029,197.3000000000029,[154.8],[42.5],[197.3]
33189,[4088],1,154.8000000000029,154.8000000000029,42.5,42.5,197.3000000000029,197.3000000000029,[154.8],[42.5],[197.3]
33190,[4088],1,154.8000000000029,154.8000000000029,42.5,42.5,197.3000000000029,197.3000000000029,[154.8],[42.5],[197.3]
33191,[4088],1,154.8000000000029,154.8000000000029,42.5,42.5,197.3000000000029,197.3000000000029,[154.8],[42.5],[197.3]
33192,[4088],1,154.8000000000029,154.8000000000029,42.5,42.5,197.3000000000029,197.3000000000029,[154.8],[42.5],[197.3]
33193,[4088],1,154.8000000000029,154.8000000000029,42.5,42.5,197.3000000000029,197.3000000000029,[154.8],[42.5],[197.3]
33194,[4088],1,154.8000000000029,154.8000000000029,42.5,42.5,197.3000000000029,197.3000000000029,[154.8],[42.5],[197.3]
33195,[4088],1,154.8000000000029,154.8000000000029,42.5,42.5,197.3000000000029,197.3000000000029,[154.8],[42.5],[197.3]
33196,[4088],1,154.8000000000029,154.8000000000029,42.5,42.5,197.3000000000029,197.3000000000029,[154.8],[42.5],[197.3]
33197,[4088],1,154.8000000000029,154.8000000000029,42.5,42.5,197.3000000000029,197.3000000000029,[154.8],[42.5],[197.3]
33198,[4088],1,154.8000000000029,154.8000000000029,42.5,42.5,197.3000000000029,197.3000000000029,[154.8],[42.5],[197.3]
33199,[4088],1,154.8000000000029,154.8000000000029,42.5,42.5,197.3000000000029,197.3000000000029,[154.8],[42.5],[197.3]
33200,[4088],1,154.8000000000029,154.8000000000029,42.5,42.5,197.3000000000029,197.3000000000029,[154.8],[42.5],[197.3]
33201,[4088 4160],2,119.90000000000146,154.8000000000029,47.70000000000073,52.900000000001455,167.60000000000218,197.3000000000029,[154.8  85. ],[42.5 52.9],[197.3 137.9]
33202,[4088 4160],2,119.90000000000146,154.8000000000029,47.70000000000073,52.900000000001455,167.60000000000218,197.3000000000029,[154.8  85. ],[42.5 52.9],[197.3 137.9]
33203,[4088 4160],2,119.90000000000146,154.8000000000029,47.70000000000073,52.900000000001455,167.60000000000218,197.3000000000029,[154.8  85. ],[42.5 52.9],[197.3 137.9]
33204,[4088 4160],2,119.90000000000146,154.8000000000029,47.70000000000073,52.900000000001455,167.60000000000218,197.3000000000029,[154.8  85. ],[42.5 52.9],[197.3 137.9]
33205,[4088 4160],2,119.90000000000146,154.8000000000029,47.70000000000073,52.900000000001455,167.60000000000218,197.3000000000029,[154.8  85. ],[42.5 52.9],[197.3 137.9]
33206,[4088 4160],2,119.90000000000146,154.8000000000029,47.70000000000073,52.900000000001455,167.60000000000218,197.3000000000029,[154.8  85. ],[42.5 52.9],[197.3 137.9]
33207,[4088 4160],2,119.90000000000146,154.8000000000029,47.70000000000073,52.900000000001455,167.60000000000218,197.3000000000029,[154.8  85. ],[42.5 52.9],[197.3 137.9]
33208,[4088 4160],2,119.90000000000146,154.8000000000029,47.70000000000073,52.900000000001455,167.60000000000218,197.3000000000029,[154.8  85. ],[42.5 52.9],[197.3 137.9]
33209,[4088 4160],2,119.90000000000146,154.8000000000029,47.70000000000073,52.900000000001455,167.60000000000218,197.3000000000029,[154.8  85. ],[42.5 52.9],[197.3 137.9]
33210,[4088 4160],2,119.90000000000146,154.8000000000029,47.70000000000073,52.900000000001455,167.60000000000218,197.3000000000029,[154.8  85. ],[42.5 52.9],[197.3 137.9]
33211,[4088 4160],2,119.90000000000146,154.8000000000029,47.70000000000073,52.900000000001455,167.60000000000218,197.3000000000029,[154.8  85. ],[42.5 52.9],[197.3 137.9]
33212,[4088 4160],2,119.90000000000146,154.8000000000029,47.70000000000073,52.900000000001455,167.60000000000218,197.3000000000029,[154.8  85. ],[42.5 52.9],[197.3 137.9]
33213,[4088 4160],2,119.90000000000146,154.8000000000029,47.70000000000073,52.900000000001455,167.60000000000218,197.3000000000029,[154.8  85. ],[42.5 52.9],[197.3 137.9]
33214,[4088 4160],2,119.90000000000146,154.8000000000029,47.70000000000073,52.900000000001455,167.60000000000218,197.3000000000029,[154.8  85. ],[42.5 52.9],[197.3 137.9]
33215,[4088 4160],2,119.90000000000146,154.8000000000029,47.70000000000073,52.900000000001455,167.60000000000218,197.3000000000029,[154.8  85. ],[42.5 52.9],[197.3 137.9]
33216,[4088 4160],2,119.90000000000146,154.8000000000029,47.70000000000073,52.900000000001455,167.60000000000218,197.3000000000029,[154.8  85. ],[42.5 52.9],[197.3 137.9]
33217,[4088 4160],2,119.90000000000146,154.8000000000029,47.70000000000073,52.900000000001455,167.60000000000218,197.3000000000029,[154.8  85. ],[42.5 52.9],[197.3 137.9]
33218,[4088 4160],2,119.90000000000146,154.8000000000029,47.70000000000073,52.900000000001455,167.60000000000218,197.3000000000029,[154.8  85. ],[42.5 52.9],[197.3 137.9]
33219,[4088 4160],2,119.90000000000146,154.8000000000029,47.70000000000073,52.900000000001455,167.60000000000218,197.3000000000029,[154.8  85. ],[42.5 52.9],[197.3 137.9]
33220,[4088 4160],2,119.90000000000146,154.8000000000029,47.70000000000073,52.900000000001455,167.60000000000218,197.3000000000029,[154.8  85. ],[42.5 52.9],[197.3 137.9]
33221,[4088 4160],2,119.90000000000146,154.8000000000029,47.70000000000073,52.900000000001455,167.60000000000218,197.3000000000029,[154.8  85. ],[42.5 52.9],[197.3 137.9]
33222,[4088 4160],2,119.90000000000146,154.8000000000029,47.70000000000073,52.900000000001455,167.60000000000218,197.3000000000029,[154.8  85. ],[42.5 52.9],[197.3 137.9]
33223,[4088 4160],2,119.90000000000146,154.8000000000029,47.70000000000073,52.900000000001455,167.60000000000218,197.3000000000029,[154.8  85. ],[42.5 52.9],[197.3 137.9]
33224,[4088 4160],2,119.90000000000146,154.8000000000029,47.70000000000073,52.900000000001455,167.60000000000218,197.3000000000029,[154.8  85. ],[42.5 52.9],[197.3 137.9]
33225,[4088 4160],2,119.90000000000146,154.8000000000029,47.70000000000073,52.900000000001455,167.60000000000218,197.3000000000029,[154.8  85. ],[42.5 52.9],[197.3 137.9]
33226,[4088 4160],2,119.90000000000146,154.8000000000029,47.70000000000073,52.900000000001455,167.60000000000218,197.3000000000029,[154.8  85. ],[42.5 52.9],[197.3 137.9]
33227,[4088 4160],2,119.90000000000146,154.8000000000029,47.70000000000073,52.900000000001455,167.60000000000218,197.3000000000029,[154.8  85. ],[42.5 52.9],[197.3 137.9]
33228,[4088 4160],2,119.90000000000146,154.8000000000029,47.70000000000073,52.900000000001455,167.60000000000218,197.3000000000029,[154.8  85. ],[42.5 52.9],[197.3 137.9]
33229,[4088 4160],2,119.90000000000146,154.8000000000029,47.70000000000073,52.900000000001455,167.60000000000218,197.3000000000029,[154.8  85. ],[42.5 52.9],[197.3 137.9]
33230,[4088 4160],2,119.90000000000146,154.8000000000029,47.70000000000073,52.900000000001455,167.60000000000218,197.3000000000029,[154.8  85. ],[42.5 52.9],[197.3 137.9]
33231,[4088 4160],2,119.90000000000146,154.8000000000029,47.70000000000073,52.900000000001455,167.60000000000218,197.3000000000029,[154.8  85. ],[42.5 52.9],[197.3 137.9]
33232,[4088 4160],2,119.90000000000146,154.8000000000029,47.70000000000073,52.900000000001455,167.60000000000218,197.3000000000029,[154.8  85. ],[42.5 52.9],[197.3 137.9]
33233,[4088 4160],2,119.90000000000146,154.8000000000029,47.70000000000073,52.900000000001455,167.60000000000218,197.3000000000029,[154.8  85. ],[42.5 52.9],[197.3 137.9]
33234,[4088 4160],2,119.90000000000146,154.8000000000029,47.70000000000073,52.900000000001455,167.60000000000218,197.3000000000029,[154.8  85. ],[42.5 52.9],[197.3 137.9]
33235,[4088 4160],2,119.90000000000146,154.8000000000029,47.70000000000073,52.900000000001455,167.60000000000218,197.3000000000029,[154.8  85. ],[42.5 52.9],[197.3 137.9]
33236,[4088 4160],2,119.90000000000146,154.8000000000029,47.70000000000073,52.900000000001455,167.60000000000218,197.3000000000029,[154.8  85. ],[42.5 52.9],[197.3 137.9]
33237,[4088 4160],2,119.90000000000146,154.8000000000029,47.70000000000073,52.900000000001455,167.60000000000218,197.3000000000029,[154.8  85. ],[42.5 52.9],[197.3 137.9]
33238,[4088 4160],2,119.90000000000146,154.8000000000029,47.70000000000073,52.900000000001455,167.60000000000218,197.3000000000029,[154.8  85. ],[42.5 52.9],[197.3 137.9]
33239,[4088 4160],2,119.90000000000146,154.8000000000029,47.70000000000073,52.900000000001455,167.60000000000218,197.3000000000029,[154.8  85. ],[42.5 52.9],[197.3 137.9]
33240,[4088 4160],2,119.90000000000146,154.8000000000029,47.70000000000073,52.900000000001455,167.60000000000218,197.3000000000029,[154.8  85. ],[42.5 52.9],[197.3 137.9]
33241,[4088 4160],2,119.90000000000146,154.8000000000029,47.70000000000073,52.900000000001455,167.60000000000218,197.3000000000029,[154.8  85. ],[42.5 52.9],[197.3 137.9]
33242,[4088 4160],2,119.90000000000146,154.8000000000029,47.70000000000073,52.900000000001455,167.60000000000218,197.3000000000029,[154.8  85. ],[42.5 52.9],[197.3 137.9]
33243,[4088 4160],2,119.90000000000146,154.8000000000029,47.70000000000073,52.900000000001455,167.60000000000218,197.3000000000029,[154.8  85. ],[42.5 52.9],[197.3 137.9]
33244,[4088 4160 4201],3,100.70000000000194,154.8000000000029,37.23333333333236,52.900000000001455,137.9333333333343,197.3000000000029,[154.8  85.   62.3],[42.5 52.9 16.3],[197.3 137.9  78.6]
33245,[4088 4160 4201],3,100.70000000000194,154.8000000000029,37.23333333333236,52.900000000001455,137.9333333333343,197.3000000000029,[154.8  85.   62.3],[42.5 52.9 16.3],[197.3 137.9  78.6]
33246,[4088 4160 4201],3,100.70000000000194,154.8000000000029,37.23333333333236,52.900000000001455,137.9333333333343,197.3000000000029,[154.8  85.   62.3],[42.5 52.9 16.3],[197.3 137.9  78.6]
33247,[4088 4160 4201],3,100.70000000000194,154.8000000000029,37.23333333333236,52.900000000001455,137.9333333333343,197.3000000000029,[154.8  85.   62.3],[42.5 52.9 16.3],[197.3 137.9  78.6]
33248,[4088 4160 4201],3,100.70000000000194,154.8000000000029,37.23333333333236,52.900000000001455,137.9333333333343,197.3000000000029,[154.8  85.   62.3],[42.5 52.9 16.3],[197.3 137.9  78.6]
33249,[4088 4160 4201],3,100.70000000000194,154.8000000000029,37.23333333333236,52.900000000001455,137.9333333333343,197.3000000000029,[154.8  85.   62.3],[42.5 52.9 16.3],[197.3 137.9  78.6]
33250,[4088 4160 4201],3,100.70000000000194,154.8000000000029,37.23333333333236,52.900000000001455,137.9333333333343,197.3000000000029,[154.8  85.   62.3],[42.5 52.9 16.3],[197.3 137.9  78.6]
33251,[4088 4160 4201 4210],4,84.27500000000146,154.8000000000029,41.149999999999636,52.900000000001455,125.42500000000109,197.3000000000029,[154.8  85.   62.3  35. ],[42.5 52.9 16.3 52.9],[197.3 137.9  78.6  87.9]
33252,[4088 4160 4201 4210],4,84.27500000000146,154.8000000000029,41.149999999999636,52.900000000001455,125.42500000000109,197.3000000000029,[154.8  85.   62.3  35. ],[42.5 52.9 16.3 52.9],[197.3 137.9  78.6  87.9]
33253,[4088 4160 4201 4210],4,84.27500000000146,154.8000000000029,41.149999999999636,52.900000000001455,125.42500000000109,197.3000000000029,[154.8  85.   62.3  35. ],[42.5 52.9 16.3 52.9],[197.3 137.9  78.6  87.9]
33254,[4088 4160 4201 4210],4,84.27500000000146,154.8000000000029,41.149999999999636,52.900000000001455,125.42500000000109,197.3000000000029,[154.8  85.   62.3  35. ],[42.5 52.9 16.3 52.9],[197.3 137.9  78.6  87.9]
33255,[4088 4160 4201 4210],4,84.27500000000146,154.8000000000029,41.149999999999636,52.900000000001455,125.42500000000109,197.3000000000029,[154.8  85.   62.3  35. ],[42.5 52.9 16.3 52.9],[197.3 137.9  78.6  87.9]
33256,[4088 4160 4201 4210],4,84.27500000000146,154.8000000000029,41.149999999999636,52.900000000001455,125.42500000000109,197.3000000000029,[154.8  85.   62.3  35. ],[42.5 52.9 16.3 52.9],[197.3 137.9  78.6  87.9]
33257,[4088 4160 4201 4210],4,84.27500000000146,154.8000000000029,41.149999999999636,52.900000000001455,125.42500000000109,197.3000000000029,[154.8  85.   62.3  35. ],[42.5 52.9 16.3 52.9],[197.3 137.9  78.6  87.9]
33258,[4088 4160 4201 4210],4,84.27500000000146,154.8000000000029,41.149999999999636,52.900000000001455,125.42500000000109,197.3000000000029,[154.8  85.   62.3  35. ],[42.5 52.9 16.3 52.9],[197.3 137.9  78.6  87.9]
33259,[4088 4160 4201 4210],4,84.27500000000146,154.8000000000029,41.149999999999636,52.900000000001455,125.42500000000109,197.3000000000029,[154.8  85.   62.3  35. ],[42.5 52.9 16.3 52.9],[197.3 137.9  78.6  87.9]
33260,[4088 4160 4201 4210 4223],5,69.18000000000174,154.8000000000029,36.179999999998834,52.900000000001455,105.36000000000058,197.3000000000029,[154.8  85.   62.3  35.    8.8],[42.5 52.9 16.3 52.9 16.3],[197.3 137.9  78.6  87.9  25.1]
33261,[4088 4160 4201 4210 4223],5,69.18000000000174,154.8000000000029,36.179999999998834,52.900000000001455,105.36000000000058,197.3000000000029,[154.8  85.   62.3  35.    8.8],[42.5 52.9 16.3 52.9 16.3],[197.3 137.9  78.6  87.9  25.1]
33262,[4088 4160 4201 4210 4223],5,69.18000000000174,154.8000000000029,36.179999999998834,52.900000000001455,105.36000000000058,197.3000000000029,[154.8  85.   62.3  35.    8.8],[42.5 52.9 16.3 52.9 16.3],[197.3 137.9  78.6  87.9  25.1]
33263,[4088 4160 4201 4210 4223],5,69.18000000000174,154.8000000000029,36.179999999998834,52.900000000001455,105.36000000000058,197.3000000000029,[154.8  85.   62.3  35.    8.8],[42.5 52.9 16.3 52.9 16.3],[197.3 137.9  78.6  87.9  25.1]
33264,[4088 4160 4201 4210 4223],5,69.18000000000174,154.8000000000029,36.179999999998834,52.900000000001455,105.36000000000058,197.3000000000029,[154.8  85.   62.3  35.    8.8],[42.5 52.9 16.3 52.9 16.3],[197.3 137.9  78.6  87.9  25.1]
33265,[4088 4160 4201 4210 4223],5,69.18000000000174,154.8000000000029,36.179999999998834,52.900000000001455,105.36000000000058,197.3000000000029,[154.8  85.   62.3  35.    8.8],[42.5 52.9 16.3 52.9 16.3],[197.3 137.9  78.6  87.9  25.1]
33266,[4088 4160 4201 4210 4223],5,69.18000000000174,154.8000000000029,36.179999999998834,52.900000000001455,105.36000000000058,197.3000000000029,[154.8  85.   62.3  35.    8.8],[42.5 52.9 16.3 52.9 16.3],[197.3 137.9  78.6  87.9  25.1]
33267,[4088 4160 4201 4210 4223],5,69.18000000000174,154.8000000000029,36.179999999998834,52.900000000001455,105.36000000000058,197.3000000000029,[154.8  85.   62.3  35.    8.8],[42.5 52.9 16.3 52.9 16.3],[197.3 137.9  78.6  87.9  25.1]
33268,[4088 4160 4201 4210 4223],5,69.18000000000174,154.8000000000029,36.179999999998834,52.900000000001455,105.36000000000058,197.3000000000029,[154.8  85.   62.3  35.    8.8],[42.5 52.9 16.3 52.9 16.3],[197.3 137.9  78.6  87.9  25.1]
33269,[4160 4201 4210],3,60.76666666666764,85.0,40.69999999999951,52.900000000001455,101.46666666666715,137.90000000000146,[85.  62.3 35. ],[52.9 16.3 52.9],[137.9  78.6  87.9]
33270,[4160 4201 4210],3,60.76666666666764,85.0,40.69999999999951,52.900000000001455,101.46666666666715,137.90000000000146,[85.  62.3 35. ],[52.9 16.3 52.9],[137.9  78.6  87.9]
33271,[4160 4201 4210],3,60.76666666666764,85.0,40.69999999999951,52.900000000001455,101.46666666666715,137.90000000000146,[85.  62.3 35. ],[52.9 16.3 52.9],[137.9  78.6  87.9]
33272,[4160 4201 4210],3,60.76666666666764,85.0,40.69999999999951,52.900000000001455,101.46666666666715,137.90000000000146,[85.  62.3 35. ],[52.9 16.3 52.9],[137.9  78.6  87.9]
33273,[4160 4201 4210],3,60.76666666666764,85.0,40.69999999999951,52.900000000001455,101.46666666666715,137.90000000000146,[85.  62.3 35. ],[52.9 16.3 52.9],[137.9  78.6  87.9]
33274,[4160 4201 4210],3,60.76666666666764,85.0,40.69999999999951,52.900000000001455,101.46666666666715,137.90000000000146,[85.  62.3 35. ],[52.9 16.3 52.9],[137.9  78.6  87.9]
33275,[4160 4201 4210],3,60.76666666666764,85.0,40.69999999999951,52.900000000001455,101.46666666666715,137.90000000000146,[85.  62.3 35. ],[52.9 16.3 52.9],[137.9  78.6  87.9]
33276,[4160 4201 4210],3,60.76666666666764,85.0,40.69999999999951,52.900000000001455,101.46666666666715,137.90000000000146,[85.  62.3 35. ],[52.9 16.3 52.9],[137.9  78.6  87.9]
33277,[4160 4201 4210],3,60.76666666666764,85.0,40.69999999999951,52.900000000001455,101.46666666666715,137.90000000000146,[85.  62.3 35. ],[52.9 16.3 52.9],[137.9  78.6  87.9]
33278,[4160 4201 4210],3,60.76666666666764,85.0,40.69999999999951,52.900000000001455,101.46666666666715,137.90000000000146,[85.  62.3 35. ],[52.9 16.3 52.9],[137.9  78.6  87.9]
33279,[4160 4201 4210],3,60.76666666666764,85.0,40.69999999999951,52.900000000001455,101.46666666666715,137.90000000000146,[85.  62.3 35. ],[52.9 16.3 52.9],[137.9  78.6  87.9]
33280,[4160 4201 4210],3,60.76666666666764,85.0,40.69999999999951,52.900000000001455,101.46666666666715,137.90000000000146,[85.  62.3 35. ],[52.9 16.3 52.9],[137.9  78.6  87.9]
33281,[4160 4201 4210],3,60.76666666666764,85.0,40.69999999999951,52.900000000001455,101.46666666666715,137.90000000000146,[85.  62.3 35. ],[52.9 16.3 52.9],[137.9  78.6  87.9]
33282,[4160 4201 4210],3,60.76666666666764,85.0,40.69999999999951,52.900000000001455,101.46666666666715,137.90000000000146,[85.  62.3 35. ],[52.9 16.3 52.9],[137.9  78.6  87.9]
33283,[4160 4201 4210],3,60.76666666666764,85.0,40.69999999999951,52.900000000001455,101.46666666666715,137.90000000000146,[85.  62.3 35. ],[52.9 16.3 52.9],[137.9  78.6  87.9]
33284,[4160 4201 4210],3,60.76666666666764,85.0,40.69999999999951,52.900000000001455,101.46666666666715,137.90000000000146,[85.  62.3 35. ],[52.9 16.3 52.9],[137.9  78.6  87.9]
33285,[4160 4201 4210],3,60.76666666666764,85.0,40.69999999999951,52.900000000001455,101.46666666666715,137.90000000000146,[85.  62.3 35. ],[52.9 16.3 52.9],[137.9  78.6  87.9]
33286,[4160 4201 4210],3,60.76666666666764,85.0,40.69999999999951,52.900000000001455,101.46666666666715,137.90000000000146,[85.  62.3 35. ],[52.9 16.3 52.9],[137.9  78.6  87.9]
33287,[4201],1,62.30000000000291,62.30000000000291,16.299999999995634,16.299999999995634,78.59999999999854,78.59999999999854,[62.3],[16.3],[78.6]
33288,[4201],1,62.30000000000291,62.30000000000291,16.299999999995634,16.299999999995634,78.59999999999854,78.59999999999854,[62.3],[16.3],[78.6]
33289,[4201],1,62.30000000000291,62.30000000000291,16.299999999995634,16.299999999995634,78.59999999999854,78.59999999999854,[62.3],[16.3],[78.6]
33290,[4201],1,62.30000000000291,62.30000000000291,16.299999999995634,16.299999999995634,78.59999999999854,78.59999999999854,[62.3],[16.3],[78.6]
33291,[4201],1,62.30000000000291,62.30000000000291,16.299999999995634,16.299999999995634,78.59999999999854,78.59999999999854,[62.3],[16.3],[78.6]
33292,[4201],1,62.30000000000291,62.30000000000291,16.299999999995634,16.299999999995634,78.59999999999854,78.59999999999854,[62.3],[16.3],[78.6]
33293,[4201],1,62.30000000000291,62.30000000000291,16.299999999995634,16.299999999995634,78.59999999999854,78.59999999999854,[62.3],[16.3],[78.6]
33294,[4201],1,62.30000000000291,62.30000000000291,16.299999999995634,16.299999999995634,78.59999999999854,78.59999999999854,[62.3],[16.3],[78.6]
33295,[4201],1,62.30000000000291,62.30000000000291,16.299999999995634,16.299999999995634,78.59999999999854,78.59999999999854,[62.3],[16.3],[78.6]
33296,[4201],1,62.30000000000291,62.30000000000291,16.299999999995634,16.299999999995634,78.59999999999854,78.59999999999854,[62.3],[16.3],[78.6]
33297,[4201],1,62.30000000000291,62.30000000000291,16.299999999995634,16.299999999995634,78.59999999999854,78.59999999999854,[62.3],[16.3],[78.6]
33298,[4201],1,62.30000000000291,62.30000000000291,16.299999999995634,16.299999999995634,78.59999999999854,78.59999999999854,[62.3],[16.3],[78.6]
33299,[4201],1,62.30000000000291,62.30000000000291,16.299999999995634,16.299999999995634,78.59999999999854,78.59999999999854,[62.3],[16.3],[78.6]
33300,[4201],1,62.30000000000291,62.30000000000291,16.299999999995634,16.299999999995634,78.59999999999854,78.59999999999854,[62.3],[16.3],[78.6]
33301,[4201],1,62.30000000000291,62.30000000000291,16.299999999995634,16.299999999995634,78.59999999999854,78.59999999999854,[62.3],[16.3],[78.6]
33302,[4201],1,62.30000000000291,62.30000000000291,16.299999999995634,16.299999999995634,78.59999999999854,78.59999999999854,[62.3],[16.3],[78.6]
33303,[4201],1,62.30000000000291,62.30000000000291,16.299999999995634,16.299999999995634,78.59999999999854,78.59999999999854,[62.3],[16.3],[78.6]
33304,[4201],1,62.30000000000291,62.30000000000291,16.299999999995634,16.299999999995634,78.59999999999854,78.59999999999854,[62.3],[16.3],[78.6]
33305,[4201],1,62.30000000000291,62.30000000000291,16.299999999995634,16.299999999995634,78.59999999999854,78.59999999999854,[62.3],[16.3],[78.6]
33306,[4201],1,62.30000000000291,62.30000000000291,16.299999999995634,16.299999999995634,78.59999999999854,78.59999999999854,[62.3],[16.3],[78.6]
33307,[],0,0.0,0.0,0.0,0.0,0.0,0.0,[],[],[]
33308,[],0,0.0,0.0,0.0,0.0,0.0,0.0,[],[],[]
33309,[],0,0.0,0.0,0.0,0.0,0.0,0.0,[],[],[]
33310,[],0,0.0,0.0,0.0,0.0,0.0,0.0,[],[],[]
33311,[],0,0.0,0.0,0.0,0.0,0.0,0.0,[],[],[]
33312,[],0,0.0,0.0,0.0,0.0,0.0,0.0,[],[],[]
33313,[],0,0.0,0.0,0.0,0.0,0.0,0.0,[],[],[]
33314,[],0,0.0,0.0,0.0,0.0,0.0,0.0,[],[],[]
33315,[],0,0.0,0.0,0.0,0.0,0.0,0.0,[],[],[]
33316,[],0,0.0,0.0,0.0,0.0,0.0,0.0,[],[],[]
33317,[],0,0.0,0.0,0.0,0.0,0.0,0.0,[],[],[]
33318,[],0,0.0,0.0,0.0,0.0,0.0,0.0,[],[],[]
33319,[],0,0.0,0.0,0.0,0.0,0.0,0.0,[],[],[]
33320,[],0,0.0,0.0,0.0,0.0,0.0,0.0,[],[],[]
33321,[],0,0.0,0.0,0.0,0.0,0.0,0.0,[],[],[]
33322,[],0,0.0,0.0,0.0,0.0,0.0,0.0,[],[],[]
33323,[],0,0.0,0.0,0.0,0.0,0.0,0.0,[],[],[]
33324,[],0,0.0,0.0,0.0,0.0,0.0,0.0,[],[],[]
33325,[],0,0.0,0.0,0.0,0.0,0.0,0.0,[],[],[]
33326,[],0,0.0,0.0,0.0,0.0,0.0,0.0,[],[],[]
33327,[],0,0.0,0.0,0.0,0.0,0.0,0.0,[],[],[]
33328,[],0,0.0,0.0,0.0,0.0,0.0,0.0,[],[],[]
33329,[],0,0.0,0.0,0.0,0.0,0.0,0.0,[],[],[]
33330,[],0,0.0,0.0,0.0,0.0,0.0,0.0,[],[],[]
33331,[],0,0.0,0.0,0.0,0.0,0.0,0.0,[],[],[]
33332,[],0,0.0,0.0,0.0,0.0,0.0,0.0,[],[],[]
33333,[],0,0.0,0.0,0.0,0.0,0.0,0.0,[],[],[]
33334,[],0,0.0,0.0,0.0,0.0,0.0,0.0,[],[],[]
33335,[],0,0.0,0.0,0.0,0.0,0.0,0.0,[],[],[]
33336,[],0,0.0,0.0,0.0,0.0,0.0,0.0,[],[],[]
33337,[],0,0.0,0.0,0.0,0.0,0.0,0.0,[],[],[]
33338,[],0,0.0,0.0,0.0,0.0,0.0,0.0,[],[],[]
33339,[],0,0.0,0.0,0.0,0.0,0.0,0.0,[],[],[]
33340,[],0,0.0,0.0,0.0,0.0,0.0,0.0,[],[],[]
33341,[],0,0.0,0.0,0.0,0.0,0.0,0.0,[],[],[]
33342,[],0,0.0,0.0,0.0,0.0,0.0,0.0,[],[],[]
33343,[],0,0.0,0.0,0.0,0.0,0.0,0.0,[],[],[]
33344,[],0,0.0,0.0,0.0,0.0,0.0,0.0,[],[],[]
